61216,766156,138
61217,337188,86
70414,964362,22
70415,935616,62
17611,1255310,59
70413,189075,40
83707,51237,9
70421,2753747,60
70420,347427,31
70419,1007845,69
70416,1567823,64
30601,937659,47
17625,348825,92
70430,266145,28
70429,290884,60
70428,175688,29
70427,336241,24
70425,973953,33
65074,2128376,141
52579,1895038,51
26249,841905,68
4354,157607,29
56384,15690608,91
4353,122787,18
4352,30885,0
35255,509801,18
4366,2952686,71
61214,700548,41
66170,658763,53
35277,2984182,62
66174,1531170,74
17544,463994,64
39142,245671,24
13060,1556018,36
70482,1004410,67
87,33704,15
35283,21395,30
43952,19134661,172
13058,14455421,88
70491,4236486,128
70493,5672269,164
70492,4828055,58
65143,1687909,114
26304,1968732,91
61251,2913742,78
73764,3031667,42
35313,936518,16
126,3012227,60
125,2270394,64
65128,1090295,119
65130,1238645,124
47707,2438944,39
47705,321297,75
78314,560936,62
35084,926246,14
70537,225213,55
70536,514128,63
131,2584995,90
66222,1458889,51
35097,466234,15
35096,1096841,88
66219,872490,122
35101,7878321,80
144,1781744,106
35090,3247196,98
146,2348950,105
147,4530742,171
78322,1324612,84
35095,901493,47
56550,6721891,122
56548,1441757,101
56549,2344496,144
73983,1656380,137
73982,6883140,96
35104,220672,25
56528,1937100,76
65204,625108,96
43846,425519,76
43847,539153,52
73964,1153711,69
35131,345935,40
66190,685512,116
56523,2360038,135
56524,2859184,61
66185,2415678,154
56526,2528297,117
35134,1489042,41
43870,3742746,141
56527,974672,54
35123,15168122,85
70578,83305,1
61335,63821,3
65247,668478,109
73875,3112828,116
13206,4687044,122
73879,9695627,167
4593,343804,65
13200,3308373,57
21801,517003,51
17433,5489796,66
4585,117212,22
66285,2201951,80
26231,14817267,76
52628,1491634,109
208,146722,89
35183,66346,5
8843,69190,25
73905,1053611,97
73907,3138615,124
30580,205553,56
47670,151558,6
30576,7240637,122
73910,3281690,128
30577,7976238,151
70649,1394918,63
70651,912533,69
17464,556178,54
35189,465800,40
35190,1211692,50
35187,78131,7
83943,1174857,79
21729,1670821,51
70161,1431422,48
21737,1601543,76
83945,1754085,57
83946,569993,76
70149,2086036,141
74070,2917632,136
66358,4908409,56
257,76894,68
4148,997680,58
4149,1765520,57
267,985354,92
4152,887453,109
9064,1847814,120
70158,109291,63
12895,4851694,55
269,1220473,106
12896,749761,38
307,129289,30
306,226245,38
308,258039,79
74094,1450102,108
74091,7155156,118
4108,4406216,119
83913,668570,55
9054,1346851,120
4110,2559741,83
12913,917902,20
60931,1107782,74
74098,2816164,110
66321,1907864,37
83929,5065372,74
70184,1636922,104
21726,1454941,74
9015,947799,43
66402,663947,76
52240,267224,56
35037,2070330,55
48013,96918,8
349,411502,38
66413,829407,43
73999,664566,85
65355,354231,39
73998,142267,39
61026,827976,83
74007,1467150,100
334,1474163,57
30429,1078799,79
61039,222283,96
26602,1528296,90
65370,376562,54
61013,1076691,89
61012,1022538,73
61011,1450525,111
61009,1612302,107
61008,591806,79
8988,1846596,44
66378,1072745,133
8985,824548,49
65387,1830344,88
8986,581150,55
52280,638390,53
74034,672622,99
12855,2991797,100
17830,1215187,42
21649,2493491,38
65395,752627,24
43649,231858,23
30461,81591,16
61007,835496,46
70251,1091755,116
4190,4171920,95
30462,81590,17
21656,3604943,31
361,1120722,71
61003,603388,59
363,567244,93
411,3111600,114
83822,502288,119
414,3658794,160
415,1411814,67
34847,3605234,31
412,1618280,118
34846,65299,1
413,1128539,65
132606,124311,11
52432,31436,73
66469,779813,91
74176,731738,100
61111,729630,79
70287,42918,34
52426,326208,58
17742,453025,45
52429,189233,47
52430,230818,71
74197,19870485,158
83825,22020,2
74192,1838947,75
74216,3173012,84
17791,262853,46
61084,4992027,74
34867,783321,26
74215,19153378,156
78036,787730,40
61072,417414,37
47975,119520,11
74211,5770407,107
30244,1605007,90
47974,836534,35
34868,681750,29
34859,130280,17
47995,299064,34
61064,60953,10
61068,122093,3
417,1306382,116
416,972428,47
47987,180069,17
70309,1561561,122
418,1905845,99
66536,1424003,111
30283,286828,60
4328,15341301,78
4329,269927,59
74112,3943439,102
4326,734057,75
61173,1801446,76
39270,1079186,100
12930,417405,54
21536,848769,42
74137,2353710,150
30303,1613167,73
34894,1659500,65
47902,4922299,59
74138,1680713,124
34895,365618,58
47903,3011059,57
455,4759218,95
39284,81591,16
39285,81729,16
450,716515,51
39281,81729,16
39282,81729,16
39283,81729,16
4301,308857,66
74156,15968425,162
39241,322803,38
52408,1160124,121
83715,314479,10
83714,56819,8
74151,1259515,84
47906,15660366,97
47905,9539125,122
47904,7076928,120
74170,4452383,147
21533,8477371,115
9100,81769,16
74174,2810932,119
83740,1270787,59
9099,81729,16
9098,81770,14
47929,2051543,141
65528,1251830,59
65526,6890408,108
65523,37230,6
83735,424040,63
25735,921063,39
8263,122375,2
22485,444439,71
18148,942950,98
74358,470080,73
30129,2545602,70
8257,332190,18
60675,116948,23
64549,402238,64
64548,781586,28
64550,336608,69
64545,1829477,126
69940,239973,52
64547,1876057,80
69943,795643,135
53117,4863539,59
53116,1329678,57
69944,543916,55
39561,612213,65
53115,4371379,187
53114,5566631,106
53065,699273,43
8309,201119,16
83180,520021,40
83181,84727,17
60728,231369,28
18083,71813,1
608,264246,56
56852,3666851,40
60740,62622,2
617,641563,70
35823,1804286,24
69994,997340,45
64611,2984663,142
8214,2102668,90
629,623288,63
4939,1032116,52
30187,129442,35
39665,665340,52
39664,1412227,93
43424,565971,97
74256,70745,2
586,1001637,35
587,631319,93
53004,754166,34
4991,339875,43
591,1374189,126
8241,310804,17
594,1513209,109
60795,510571,26
39656,698701,54
607,845300,57
64588,4181761,110
35630,927046,80
65690,3509162,143
12793,2144885,102
65681,2920908,120
65680,2758095,110
5011,68387,7
5010,200623,9
65684,7352034,122
64690,1130571,123
65686,2283711,39
60829,551120,88
60830,1453152,59
701,732963,112
60825,1326592,123
60827,1287879,58
74464,4662779,99
60820,1963721,118
65666,2991644,110
65667,993705,117
65670,6735929,90
35594,1470842,85
35584,340504,21
70021,1705584,84
35585,89105,12
35611,3295359,114
664,45471,3
35608,15092239,81
70034,2905843,63
35606,675099,27
65758,239609,56
35692,667461,86
35693,2851600,60
65749,678921,80
74420,3531844,135
8322,462630,35
70119,9480676,116
74422,1525928,128
74417,1159508,83
74416,1657878,121
74419,1746650,113
35705,3229400,34
60888,97006,89
56971,18716,0
70138,3391392,136
25683,1126200,66
25682,2880616,148
25686,976867,76
35703,6732102,109
25685,946646,78
25684,991005,96
713,1095962,112
715,571734,107
717,1464692,111
35663,7041690,125
35648,1041897,84
706,576855,91
35655,310040,5
35652,1104462,80
710,337274,67
25722,2916260,54
70105,454536,47
720,337750,91
35666,522925,82
721,1013772,60
35670,15716471,92
70097,1050773,70
8532,3707652,98
22215,1795333,23
22211,9562942,124
35512,1759193,75
12395,243845,22
69692,956535,28
4624,3672042,32
43203,446412,70
29885,368035,34
35500,6752595,106
8523,341568,12
18410,2360853,68
22245,181533,30
8564,1900032,111
787,314120,4
60464,1476152,44
35460,2503218,40
35464,137450,30
26025,1271426,105
136749,966168,72
64865,2026871,94
136750,823432,63
35575,1917772,93
35576,1348174,58
35582,617575,58
4685,555589,109
39887,3522404,98
47535,19403488,143
39884,7459413,150
64877,536044,55
22161,15245239,92
4688,547602,154
4689,1032023,102
69735,649376,26
4691,252358,24
18338,81284,15
69733,1448767,78
4693,2042125,115
74559,2516462,57
43184,597742,93
64833,3478586,84
22179,153335,14
60534,5384229,50
60537,4844497,50
43193,945270,66
60536,4883019,56
60539,9306064,96
43197,1181955,85
43169,662819,90
43168,828027,68
35525,293108,28
43176,416363,62
22201,5462087,63
65919,2271319,123
22207,7142242,122
22206,19682660,154
22204,4811918,39
22093,1457321,76
12524,324147,27
18301,449072,62
12525,1013232,71
57292,1321595,121
35388,1448988,54
12520,1564260,91
60571,2147588,117
35385,4376614,169
12522,799397,83
12523,959065,29
43095,6497340,101
35380,2494427,40
83270,1,10
60560,8485175,142
22108,905518,82
8653,754793,45
60559,3626333,102
18285,531200,61
18286,80144,2
60556,4085203,114
65944,5917188,125
60555,19128771,134
60553,5399372,147
18283,542289,70
60552,6713657,136
60551,7150511,125
60549,15187136,78
65943,1725648,156
65942,7135131,131
22127,69320,6
83304,1,1
83306,130330,13
18267,1232217,94
29706,2126375,107
52953,4432318,123
22121,106800,9
83310,525565,65
8688,3015975,145
18252,1749439,120
35336,816072,75
39736,5137275,76
39738,2701146,107
29719,1330237,58
12499,9427197,153
29715,2238083,92
12498,9384320,116
29712,1306095,52
12497,4895485,60
22129,309018,20
47401,2003759,91
60639,129332,24
35453,69466,2
60637,1158785,102
57219,3064209,60
57220,851053,27
57221,2755331,54
35434,1301764,82
52907,358731,49
12472,656567,79
1002,1774040,145
25932,1999194,91
1005,1067012,72
12477,667760,81
993,945978,16
999,2118347,32
35417,2901423,64
52888,614276,47
12427,382779,45
64969,1895467,71
35419,3643870,39
35418,3535331,101
52891,1626229,58
64971,4929034,61
64974,863494,41
52887,5224172,104
64985,243194,41
64984,4838449,44
64987,6382286,116
57274,1120183,64
60653,632326,77
8620,1458515,83
60654,1351462,151
35396,3529641,31
64983,3411580,96
82619,594573,31
51469,49157,13
51467,3,2
82611,104661,6
16517,3311246,163
55350,3707349,173
9766,69473,92
166319,567891,51
82615,69555,7
67190,2561561,84
82613,63562,9
9762,1859999,79
36318,45209,9
64078,28787,14
36317,45216,9
16539,340943,66
9781,1374111,133
51479,192587,4
166331,1959227,53
48772,9653086,137
1104,71237,77
166332,748041,40
16530,1282670,69
71508,427515,73
82585,80096,5
5471,635234,50
51501,577950,36
5468,597376,41
51502,953062,47
9739,5585589,103
51499,6786198,124
82576,22618,0
51493,584393,50
51488,1433249,79
51489,2604,53
51490,1193707,51
51491,1255877,50
55315,51973,112
1151,912551,14
51517,5559980,73
48813,4710527,101
51518,1823685,78
55305,6964396,126
9754,1735713,106
20871,4588894,116
67140,6071,28
1136,1779627,22
71428,9506879,123
64017,1129654,139
71427,2884972,118
71425,5242985,105
48834,312489,17
48833,309549,18
48836,822421,64
48837,1369729,41
51567,7129795,122
64048,1195880,42
55379,588538,57
60165,3121602,48
67089,1351651,20
25221,317166,4
55372,320478,17
55375,100307,13
51569,4855113,53
64033,4792576,115
67077,1790094,62
51568,8330207,146
51570,5118372,85
25236,322502,59
82627,1018095,41
48662,833980,55
16389,419319,60
48663,821411,35
48660,42828,5
1222,642469,84
60384,272286,52
51598,898324,78
48668,453017,79
51597,882998,115
36170,325505,11
40058,893720,16
48666,926138,56
9908,674941,94
9917,220410,47
9913,102070,75
82476,1157227,64
71645,344707,56
1255,100149,10
60357,833830,72
48693,1352763,112
29557,648525,83
60353,567077,87
60354,577133,88
71657,1076764,114
55454,3264314,98
29560,683879,82
1270,226316,12
25173,1950660,146
79258,41882,8
71676,2364883,124
29547,4022970,54
9881,3179261,95
71558,407464,32
16455,626117,69
29464,99059,10
71561,187174,38
14302,1329153,20
9971,1934644,104
36117,1242051,157
55528,931139,16
71580,1550936,81
29455,1988154,47
20818,15918161,108
9922,392183,57
14322,12774702,75
14326,1005374,37
71586,6860364,108
55516,726929,18
9939,193587,89
14312,545017,63
51708,851398,8
78908,369531,69
78910,209151,11
16788,3792044,93
60018,3154447,95
5243,152350,6
25577,385269,43
51207,294014,14
71236,1317105,51
10019,4673557,105
64338,215013,108
71238,452262,51
64339,67499,65
71293,3008255,87
16820,1574177,116
59988,268095,62
71280,1227353,105
16817,5671826,114
64352,1044978,74
9999,6430680,109
71278,2905799,130
25544,3188754,156
51241,784342,32
9989,1257227,67
9990,601419,105
20624,2885184,123
25538,248781,25
9987,1493611,106
35994,5470501,64
51284,313721,106
35991,1122937,49
10073,1597705,70
13929,710122,89
13933,1021946,83
49134,317276,12
67335,533569,63
71221,1714179,142
13924,2733341,101
71218,674033,74
71217,2567971,168
82910,476030,24
55643,931601,72
55644,812734,60
78921,521467,29
36003,894649,76
13938,1729803,59
78915,1049937,63
67347,373881,58
51349,4846867,59
35921,63413,47
35920,1928427,108
35923,17177,40
25456,7409701,124
82735,408604,41
13960,1058606,101
35908,1464986,109
35909,1020153,104
35910,630808,70
71363,1402810,80
35911,306939,68
86532,78409,25
86534,213123,53
35906,327326,40
35907,3446435,43
5360,1696522,128
35916,10563,44
25454,3598434,135
35918,1036099,42
25452,7085738,108
25453,10262332,170
35912,39703,60
35913,9708,37
10153,1697091,101
10132,499711,53
10133,2208828,115
13989,1687090,120
55684,30947,5
5319,1421925,64
13991,782545,92
55683,34682,0
29292,301302,69
71422,1735855,85
67532,1926585,56
13995,1030866,88
14000,15317521,84
51375,255156,13
51374,59373,12
51373,11148,15
25395,215050,30
10228,369895,12
35862,1728817,41
25396,508451,51
71325,1571534,147
35867,1932529,112
16729,3498579,103
71326,886558,66
10238,3013831,64
20590,1761348,103
20588,122881,25
35841,5440694,54
64400,36700,59
35843,3426740,43
25382,1449036,52
71297,869104,44
10213,5617068,188
10212,2128717,118
14042,127708,2
40250,443521,43
14040,3012286,60
35852,730397,50
10221,1446375,106
10192,2502679,41
67462,985595,93
14050,4303242,138
10195,1351589,19
10202,850429,8
10203,4904783,64
71357,1706133,54
10204,83173,51
10205,6009160,117
71353,898094,92
10177,1802025,23
40211,20687,95
55762,56391,9
29234,15047848,89
10179,1352044,20
51429,6346185,94
71329,1376587,139
16743,52609,19
35882,1326461,75
35883,3017949,61
67485,323490,37
35881,1875179,74
16747,186868,63
16749,403480,44
25358,328824,33
64444,2229670,37
36841,228138,52
71023,290102,30
5982,526485,108
36846,757827,25
36839,514613,48
66633,683083,59
13602,4361680,163
36851,1178474,71
21432,1351182,83
13594,5568290,144
24813,1248961,124
17037,5370280,50
24812,1140336,114
51980,3457626,135
24801,671582,66
51969,5248476,139
5985,985552,87
29121,287388,30
51984,7605673,156
51991,866443,106
63557,719608,58
51988,2745977,106
52077,336373,35
52078,135988,72
5914,62378,16
29114,883729,84
52073,3421463,96
52075,238540,87
86496,232289,31
29108,816400,35
5909,95961,26
5906,59163,9
29100,296465,52
48360,436127,12
29096,342592,43
29085,933401,42
24749,190019,19
29086,553587,53
40626,3997448,118
70917,824800,83
40618,421424,58
40619,325215,103
125710,1873896,90
55907,153260,12
24753,146965,28
16930,4828933,56
6096,1367801,109
66781,3564902,32
6104,1638891,96
36717,2740367,76
59852,432243,73
36718,550740,41
16940,455266,53
21251,149825,24
40517,318686,6
21254,82940,26
16950,1765107,79
21253,382478,55
21252,1369686,85
21259,94466,19
21258,1440857,116
9375,1791694,54
6093,308207,42
66807,1330978,21
71111,1082033,94
66804,551423,90
9382,7527312,140
71119,249406,59
66790,3970544,51
71127,1917995,91
71125,34049,13
71121,1610218,42
29000,954354,77
6124,3035759,58
71130,649318,32
24582,3031828,91
71072,89330,23
13813,83621,32
71074,2019176,33
71079,1975759,28
16993,798355,70
71078,1969193,28
56029,359370,44
56028,252542,13
71082,1472257,104
71085,1620916,88
71089,868042,67
17012,1575131,131
13792,90063,3
9425,4294106,53
48237,568682,59
48239,1559583,71
28954,2252261,79
24618,661621,73
6048,18471801,138
56034,1424908,80
56032,136587,25
56033,237484,22
71070,303846,19
71071,125251,14
71069,1899533,24
86204,498878,60
56079,944031,23
36607,1790660,23
25040,1049876,94
48546,115760,58
40902,1245152,94
25045,1953454,173
166534,149101,13
17320,154423,78
63867,318624,43
66908,939659,47
63865,1701343,80
21149,492979,29
56092,4440884,105
28926,178181,52
21150,312287,46
48521,673324,44
48525,2810351,62
25078,1182349,78
21158,2619171,153
21156,695156,69
25067,3313952,123
25065,2782738,113
59500,283189,27
59494,112685,0
17402,150178,14
24981,1059710,40
36533,1812438,115
17399,75296,24
24976,671773,39
86263,280414,21
24977,495918,38
24978,299973,44
48608,4696092,49
70699,1266798,107
24975,671773,40
40861,1776963,69
70689,4809125,115
40877,2630964,127
48589,90431,8
56172,38920,5
51806,480932,43
36504,2052715,123
56171,28984,10
59444,2172042,40
59441,4183026,134
59440,3228690,34
59442,8180027,152
21245,987584,102
59438,3197134,134
63768,1347562,19
86208,89283,11
67014,2268405,55
17203,505363,58
70900,1220232,77
24914,1001370,128
67013,309439,17
44052,923409,37
67022,1116286,76
67020,514573,60
9628,15516366,83
9629,3469731,44
9630,158697,22
9610,19839924,160
51886,49815,54
9614,3841281,53
70865,967108,43
51864,3241205,97
5875,1016402,116
9635,1130936,85
70852,1048072,130
13456,4901745,56
40820,358922,39
48406,2874322,102
48408,627678,37
48412,1366,31
48413,8046,63
48481,7517592,150
63927,877852,45
36395,3311310,43
66978,7055966,81
66983,258976,64
166512,460485,40
5802,2864074,80
5800,5233296,88
51930,1823765,62
5801,2502010,43
40758,1652271,117
40759,2016333,92
48465,10254174,123
66996,186747,37
166510,2870082,63
66999,331548,45
166511,199610,19
63901,221687,41
67001,131620,46
48477,17667774,141
67000,643128,94
67002,2930599,36
51913,581279,30
40761,1144073,126
6568,1354570,95
169030,138109,6
169028,85617,5
169027,133683,2
23918,1166148,109
28212,18879,8
15320,2616088,92
36920,133253,17
36912,1125971,118
10981,9300173,92
36916,849763,8
28199,1621058,69
36917,795225,26
33081,4512797,129
59280,337754,39
6554,1329180,71
72623,132291,69
19561,2637545,83
63165,415385,66
63164,600745,39
72618,3124918,43
63166,366125,28
63153,10263007,167
63154,4920695,63
63158,2325406,50
63182,67032,1
50591,478785,41
28280,428954,17
54443,2732096,87
63177,76202,2
36989,5030936,152
2245,719180,78
54452,2336751,130
32621,68634,6
54414,1561490,113
10907,233690,16
6601,3806565,90
10897,1402435,95
10894,1203835,60
54420,1200826,78
68135,92068,102
41969,117585,5
10869,31784,21
68137,151192,102
68136,53398,43
28324,4840967,50
19654,434163,55
6463,7096548,109
28311,655106,55
19707,576967,72
37005,1061581,60
59255,552323,15
63046,180176,44
2130,912346,53
10802,9363981,104
37102,2531528,117
37103,77552,1
37101,2578713,65
37099,1157469,64
59257,5821,2
41892,181912,105
37106,1617220,43
37105,118111,18
37104,2962402,114
19593,698215,74
23942,2844346,142
2175,1526026,86
2174,2816584,93
6476,1105462,83
54280,1788142,57
41883,181576,82
10758,7466015,137
33261,851054,64
23967,103961,47
23960,4716521,110
37176,1423452,111
72335,502552,53
37179,644918,73
68542,920896,71
28462,2269638,133
68538,223558,64
19783,15480364,85
37174,792155,47
11260,637840,106
28476,1818896,136
72342,2402535,90
68518,1617931,79
68519,610212,81
28468,1844781,87
72359,173104,31
72358,740768,30
11204,3124880,115
59014,896753,51
59013,1440826,84
32311,947963,16
76268,932285,15
54728,768475,92
2495,381425,44
89714,539329,40
37247,211780,82
2506,245109,33
37238,507766,45
68594,3341748,38
68597,3265243,37
32334,9274749,85
32326,3255021,132
68581,3009064,57
32851,349019,55
50347,4401104,105
6359,1802828,24
28480,8996055,149
28510,482212,53
68547,2042290,121
41493,98889,35
68545,2561668,93
68549,296340,42
58912,6564084,104
68406,1012726,46
68407,172253,69
14934,93057,21
68400,982742,93
68401,429096,93
72207,240470,53
11113,1210668,142
11118,1941210,129
68408,447130,87
68409,72449,41
11117,1552524,86
58927,334845,38
11123,2395723,68
2325,2219387,78
11125,3757316,96
68396,1970631,86
68393,997346,100
68395,1247216,89
68394,1099870,82
41671,1258655,115
41674,1768366,139
32958,212801,10
50182,1453650,54
2370,1,17
58978,14560779,79
50198,601984,85
72278,3667150,95
68433,1905418,125
72300,2037913,118
68444,4419614,71
72307,550797,68
11029,139617,14
14885,1047169,50
11027,1988194,126
63329,845161,79
68427,533892,68
72313,2530927,146
11033,1954258,82
2424,1663748,58
11034,91870,17
162115,43138,8
72120,4824302,113
72123,5526428,106
51189,6848798,107
72115,9556156,127
2739,3125126,42
72119,1910586,76
2731,992995,44
72096,2298950,147
72099,7348287,122
72098,7150792,109
2722,833849,41
2708,1106612,73
2709,346248,56
7078,983348,72
2710,465398,82
2711,59553,28
72079,1872916,91
58795,13384542,96
72078,162220,53
55033,256386,20
72076,3225880,97
24436,4802106,44
55031,377899,40
33543,1128731,77
72064,4017750,173
41314,2849952,120
67766,463183,54
33658,264050,26
67784,1538949,63
20030,272765,79
67786,529473,65
67781,1533200,74
58835,4846901,51
41237,1335563,32
37444,54214,8
41238,181319,12
41225,3275970,96
58827,3142873,69
54938,509414,45
20015,83835,21
54940,3196788,97
41230,2320953,37
2784,1398667,74
67798,558784,88
41221,1575245,107
67792,1946144,105
41223,3237766,34
51102,716293,69
27772,7319909,126
51101,402001,53
2769,427924,60
54948,2757415,60
72145,7010823,112
7143,3235037,34
54963,2994219,143
33716,856722,8
24518,15477775,78
37511,6363320,114
24514,2878665,66
24515,724969,52
41427,118153,14
41436,6845258,111
33722,357266,18
67602,2772850,72
32177,190976,2
32176,432638,21
10318,641950,59
62469,3263187,38
62468,720078,58
41458,3694401,154
32142,391619,50
58684,661393,29
33691,1891389,121
2566,1342061,49
14678,299845,21
2561,9428,24
14674,61873,2
14675,154376,2
24574,55142,7
71948,114198,3
14682,3951843,90
24570,1415862,41
10259,897957,137
72052,2524548,121
33778,6623154,121
10267,5757174,115
72060,1039732,123
10265,591383,51
72062,3296254,165
10264,1327317,19
41375,288382,46
10242,5793933,117
33764,850749,8
33770,5419532,57
72041,730175,79
10253,1994235,105
58739,820531,46
33745,420463,43
24485,894691,62
41397,2128867,96
33752,236557,21
2650,1417309,94
58725,1426706,119
32216,168837,52
24508,558063,43
67993,16827736,164
67999,1409132,51
71871,2003582,85
3001,2639322,94
33337,2159106,36
33336,2175056,36
67971,4887723,55
71861,365434,82
41070,731135,88
37689,2000021,83
41065,960523,56
6838,1227716,69
6837,1205700,69
58559,37393,32
6823,1794079,23
41074,2122207,65
68007,2276303,139
58571,4146,37
58568,15310,18
68058,4545820,107
31870,4840091,50
27969,763895,20
6864,375773,53
58561,131900,15
6866,673273,56
58560,130373,11
71905,1549192,89
6870,1405398,106
71928,1392830,66
20287,773281,104
28010,3415103,41
58605,559604,42
40993,3240120,36
6900,4748669,107
58616,362575,36
3032,431645,38
58618,121862,2
58609,3330323,104
55203,521561,31
37732,600448,83
6885,1069062,102
6673,685775,74
33440,1088945,65
67866,13590931,82
67868,3231852,35
67869,3204218,115
55108,3753033,75
55107,2760426,65
24257,778198,71
55106,2167667,54
20476,2648401,64
6669,3085121,87
33471,1281338,75
10587,925015,42
37809,1317151,132
37808,1247599,125
67893,4088067,116
67895,389983,70
28078,86845,14
28077,185922,18
58408,487251,27
24314,249953,56
20426,709691,108
41212,1009465,60
50781,2455131,163
24303,1711051,43
50780,6228879,126
162016,39115,4
37806,709632,106
50782,2813089,128
67884,15462775,88
41210,1246173,64
10498,1342571,15
41095,1142979,86
6744,2632438,68
24218,39055,24
67910,5353227,50
28119,1352871,121
10521,1296821,74
55049,923977,16
55055,307955,27
10535,318596,16
41126,63539,46
10536,376123,40
10549,1760113,72
28155,328915,34
55083,15490395,82
67950,3628472,39
22819,4708851,99
7651,1913422,99
58342,1775051,93
58341,1700250,85
58340,3047110,91
69360,2287276,127
31570,581968,44
27245,819745,53
11951,1045967,56
7675,372712,29
7622,1457238,93
31590,958137,49
7623,7446455,129
34167,1814346,135
62182,2731559,51
27220,195296,21
31597,129296,2
34174,323040,52
34171,488109,70
11911,704246,18
11910,1247695,78
69328,169331,61
11909,1327930,56
11908,920130,37
73701,5435608,50
11907,1665850,83
11906,1341955,71
69332,886183,93
37971,587387,55
62207,489273,51
73706,890063,57
69338,4017806,100
11913,3426075,45
49579,173729,18
11912,202221,29
49621,83783,22
69292,1359708,71
3228,1012382,94
69300,1834349,148
3255,916188,75
58261,718669,39
58262,671203,64
16363,933115,72
58267,1037998,52
49632,302727,3
69271,598299,121
27140,1457856,111
53465,3207570,97
62137,163468,29
62136,250613,77
69273,5274297,95
3246,829833,35
73642,810587,106
49439,3171745,140
3167,8925795,67
46728,632134,75
49421,4027768,115
34243,95927,50
46753,29940,20
46755,398334,39
34202,336930,93
34200,423712,76
61961,314766,10
34207,742777,76
34204,1994173,91
34205,529627,67
34195,1296301,83
34196,381579,90
3072,3654278,144
34177,342928,69
27300,1866183,75
34181,853377,101
27290,4988434,76
53320,113862,6
53324,110746,9
3133,1304913,107
53313,70369,5
69124,2685388,119
53315,18300,7
31649,217312,89
62009,1098559,85
69149,1702270,107
3113,10974,40
34222,542068,93
34211,783028,128
34212,419963,70
69619,6922996,108
69618,1940723,82
27502,304745,72
22591,5496524,101
33870,191465,27
22589,667991,38
62430,262893,16
62424,555274,22
27496,34376,40
62427,136695,10
33875,6334186,120
27504,823121,95
31351,245456,32
18732,571738,33
49326,5348596,51
49324,5462595,65
31352,286120,59
31354,226029,28
12171,2680395,69
18741,437129,40
18740,982114,61
38214,1429355,52
69571,3647762,35
49330,5461148,66
18736,1643935,55
18748,295962,42
18745,981748,57
62442,552659,15
69582,1791312,23
27425,788263,28
18753,3730672,98
62354,788351,29
73344,629088,127
27431,75424,15
22644,6641497,120
73356,19412624,138
73354,2219564,77
12279,8996700,94
53734,1275930,79
73374,1058898,124
33819,1332078,11
73375,2354408,159
33818,1192704,43
18783,6686513,118
69544,395311,78
18780,422833,74
53716,567145,67
62388,1162146,78
18793,861784,60
69532,7263005,130
69531,4833329,43
18798,1046031,54
84802,669187,103
49397,520192,47
168339,54204,2
42665,2892570,116
49157,2927478,134
62293,222392,32
27621,436150,11
18819,1516931,43
49153,5489755,113
31437,93846,20
53545,15972,20
53544,285791,26
73310,1710595,85
53541,254479,16
46981,2859137,60
38375,2848443,63
77063,712400,22
53539,61825,6
69479,496346,136
46979,3180900,134
42636,2172507,39
73312,1369689,99
73318,2467028,163
73319,1069932,103
12033,978538,66
53517,1103257,74
73336,1411519,89
57945,4858259,114
69440,1150851,87
69447,331290,23
69446,725862,45
73333,20369324,166
38336,13657074,117
42640,120038,3
69444,907655,51
73230,4894694,56
73226,9652197,144
47070,7409,40
49240,109635,77
57912,109082,36
31368,1112373,51
62219,280608,70
31369,597829,54
3359,1287340,139
69416,1017328,102
49235,883743,107
57907,118794,53
73238,6904363,110
12144,1343704,111
49236,880074,105
57908,11017,11
57911,109862,56
73263,1447415,107
3369,476140,57
53586,1054323,39
73255,281501,67
69396,1791980,23
53585,2693360,73
69397,870689,91
33959,119817,6
53579,2222707,93
57884,1787618,25
49264,3668951,37
42710,316503,20
73264,1491416,117
73205,3013677,146
38464,996371,66
73206,5789250,136
73207,13661568,77
83969,362346,46
23302,1441241,84
73203,861887,115
77480,1488891,54
77483,837615,40
53903,1220493,48
73189,959631,112
53905,2156609,150
73188,2023855,136
53908,85070,10
73187,1386429,88
73195,4250336,130
8156,2411193,83
38497,426892,33
57840,1236040,130
53921,2767267,147
68834,5369897,51
77452,30831,20
23338,3389985,192
23341,848462,120
77451,560894,49
53939,1693546,120
73155,3441219,128
73153,5253175,176
73152,3305314,137
57832,1532185,108
50063,2981973,145
57837,496414,76
26655,3234882,34
50170,1456371,54
68753,846457,8
73120,2386372,140
50147,722786,131
34606,182019,75
38430,15292309,85
42359,5317188,47
73107,2928857,125
26676,3559152,99
38437,2661861,89
61573,947890,76
34577,494915,28
23394,4862759,58
77515,22911,35
77512,1801303,23
73113,1220312,87
50141,1238485,108
26681,3554220,96
34564,7024165,124
34574,146141,5
84088,801047,45
23422,5588300,75
54011,960455,90
73101,316060,84
11291,2310404,37
81692,1419860,69
81694,550028,20
73083,2344541,132
61551,99693,20
81669,754352,66
68695,2863994,63
68717,139402,5
61504,1375215,57
73042,975966,54
53819,4415282,121
84157,103282,20
73036,483508,57
3658,697352,74
3659,848541,78
3660,354161,37
3661,766212,98
23487,30319,34
53820,573823,61
23486,949590,48
19199,1175443,94
3646,1838367,123
50044,265800,27
19190,2058357,92
19191,467951,14
81750,1173156,76
19183,1521992,80
53847,4842979,51
53843,2272921,44
53863,2044905,91
38562,1042184,66
53859,3324916,94
38591,841991,66
68666,83975,12
72971,1798495,134
38590,407290,55
38588,658830,40
38587,420814,40
38586,1090621,71
38585,42179,21
11371,1188386,39
38584,264171,31
84214,1132551,43
68663,38744,17
57538,1837867,58
7893,931723,96
26950,4563934,62
57547,830717,44
57545,815253,51
84253,885440,67
4077,2441602,84
69080,3310904,150
84225,1213287,54
84224,54936,9
72945,1234506,121
72958,3791267,108
30826,3609696,145
42008,46812,30
4035,1442764,35
15507,855269,85
77719,345167,26
19200,1450385,105
49803,6919817,100
7933,7840356,135
69114,1338500,123
159007,111224,5
54176,2008509,88
11699,177537,2
7908,2495898,115
81593,624242,84
81594,284391,34
81595,454804,40
57476,638443,82
72871,780154,42
42061,1534679,81
23128,1033774,112
15569,153984,30
77789,94315,31
3978,4717367,101
23142,2298787,128
7841,874851,75
15567,69447,40
34329,970124,81
34537,673911,26
42121,710146,77
49711,546576,67
42124,763693,91
49699,273299,66
23179,14615,0
49712,759428,82
57431,916406,60
57449,331644,44
81448,70650,8
84410,254502,15
81451,1664226,45
81445,78409,12
81447,46471,17
81441,107354,27
11559,599641,56
30932,30572,8
81464,119943,6
34527,831522,24
57457,794886,38
81458,3231258,34
7780,2306796,100
19439,572593,87
68889,1796564,23
7700,780156,35
19431,1874282,76
68886,3237158,35
7692,7318782,115
77678,79166,66
57370,116673,19
77677,326985,56
77676,86,16
57368,52239,11
34445,768584,27
34440,1510026,108
34439,1509677,86
81507,975543,74
34438,667806,29
81508,620915,61
81509,910861,43
7727,636767,62
68905,42053,57
7726,154306,46
23277,1199286,38
11644,488396,13
34457,949079,23
68911,126799,60
34459,698660,37
68910,104475,64
61702,760667,86
84453,306852,25
