61216,766156,114,12,12
61217,337188,61,12,13
70414,964362,13,4,5
70415,935616,31,15,16
17611,1255310,34,13,12
70413,189075,32,4,4
83707,51237,5,2,2
70421,2753747,42,9,9
70420,347427,17,7,7
70419,1007845,45,12,12
70416,1567823,42,12,10
30601,937659,25,11,11
17625,348825,64,14,14
70430,266145,14,7,7
70429,290884,42,9,9
70428,175688,19,5,5
70427,336241,16,4,4
70425,973953,17,8,8
65074,2128376,93,24,24
52579,1895038,23,14,14
26249,841905,32,18,18
4354,157607,24,3,2
56384,15690608,46,23,22
4353,122787,18,0,0
4352,30885,0,0,0
35255,509801,8,5,5
4366,2952686,31,20,20
61214,700548,35,3,3
66170,658763,28,12,13
35277,2984182,35,18,9
66174,1531170,51,12,11
17544,463994,51,6,7
39142,245671,10,7,7
13060,1556018,21,8,7
70482,1004410,43,13,11
87,33704,15,0,0
35283,21395,29,0,1
43952,19134661,107,33,32
13058,14455421,44,22,22
70491,4236486,95,17,16
70493,5672269,105,30,29
70492,4828055,52,3,3
65143,1687909,77,19,18
26304,1968732,60,16,15
61251,2913742,40,21,17
73764,3031667,24,9,9
35313,936518,12,2,2
126,3012227,23,18,19
125,2270394,24,20,20
65128,1090295,93,13,13
65130,1238645,101,12,11
47707,2438944,23,7,9
47705,321297,62,6,7
78314,560936,44,9,9
35084,926246,10,2,2
70537,225213,43,6,6
70536,514128,43,10,10
131,2584995,48,21,21
66222,1458889,40,5,6
35097,466234,5,5,5
35096,1096841,62,13,13
66219,872490,112,5,5
35101,7878321,48,16,16
144,1781744,65,20,21
35090,3247196,69,14,15
146,2348950,84,11,10
147,4530742,93,38,40
78322,1324612,55,16,13
35095,901493,25,11,11
56550,6721891,58,33,31
56548,1441757,78,11,12
56549,2344496,108,18,18
73983,1656380,94,20,23
73982,6883140,51,24,21
35104,220672,23,1,1
56528,1937100,44,17,15
65204,625108,69,14,13
43846,425519,59,9,8
43847,539153,40,6,6
73964,1153711,47,11,11
35131,345935,28,6,6
66190,685512,82,17,17
56523,2360038,91,24,20
56524,2859184,45,8,8
66185,2415678,110,23,21
56526,2528297,89,14,14
35134,1489042,23,9,9
43870,3742746,107,17,17
56527,974672,38,9,7
35123,15168122,43,21,21
70578,83305,1,0,0
61335,63821,3,0,0
65247,668478,83,13,13
73875,3112828,73,22,21
13206,4687044,82,20,20
73879,9695627,105,32,30
4593,343804,52,6,7
13200,3308373,28,15,14
21801,517003,33,9,9
17433,5489796,56,5,5
4585,117212,16,2,4
66285,2201951,62,8,10
26231,14817267,38,19,19
52628,1491634,84,12,13
208,146722,72,8,9
35183,66346,5,0,0
8843,69190,25,0,0
73905,1053611,80,9,8
73907,3138615,77,23,24
30580,205553,40,6,10
47670,151558,2,2,2
30576,7240637,80,21,21
73910,3281690,78,26,24
30577,7976238,76,38,37
70649,1394918,38,12,13
70651,912533,47,13,9
17464,556178,43,6,5
35189,465800,19,12,9
35190,1211692,32,9,9
35187,78131,3,2,2
83943,1174857,46,17,16
21729,1670821,37,7,7
70161,1431422,26,10,12
21737,1601543,40,17,19
83945,1754085,41,8,8
83946,569993,61,8,7
70149,2086036,100,20,21
74070,2917632,84,26,26
66358,4908409,29,14,13
257,76894,56,5,7
4148,997680,39,10,9
4149,1765520,41,9,7
267,985354,67,12,13
4152,887453,61,23,25
9064,1847814,92,15,13
70158,109291,56,3,4
12895,4851694,49,3,3
269,1220473,82,12,12
12896,749761,32,3,3
307,129289,23,4,3
306,226245,31,3,4
308,258039,60,9,10
74094,1450102,70,18,20
74091,7155156,78,20,20
4108,4406216,58,31,30
83913,668570,37,9,9
9054,1346851,72,24,24
4110,2559741,35,24,24
12913,917902,9,6,5
60931,1107782,53,10,11
74098,2816164,71,18,21
66321,1907864,27,5,5
83929,5065372,36,19,19
70184,1636922,62,21,21
21726,1454941,50,12,12
9015,947799,35,4,4
66402,663947,54,10,12
52240,267224,39,8,9
35037,2070330,23,16,16
48013,96918,6,1,1
349,411502,23,8,7
66413,829407,25,9,9
73999,664566,64,11,10
65355,354231,25,7,7
73998,142267,32,3,4
61026,827976,65,9,9
74007,1467150,67,14,19
334,1474163,38,10,9
30429,1078799,65,7,7
61039,222283,84,6,6
26602,1528296,34,27,29
65370,376562,47,4,3
61013,1076691,62,11,16
61012,1022538,56,8,9
61011,1450525,77,18,16
61009,1612302,64,22,21
61008,591806,59,10,10
8988,1846596,23,10,11
66378,1072745,89,22,22
8985,824548,25,12,12
65387,1830344,65,12,11
8986,581150,36,9,10
52280,638390,38,7,8
74034,672622,73,13,13
12855,2991797,61,17,22
17830,1215187,22,10,10
21649,2493491,22,8,8
65395,752627,16,4,4
43649,231858,19,2,2
30461,81591,12,1,3
61007,835496,24,11,11
70251,1091755,81,17,18
4190,4171920,65,15,15
30462,81590,12,2,3
21656,3604943,15,8,8
361,1120722,50,10,11
61003,603388,47,6,6
363,567244,70,11,12
411,3111600,78,17,19
83822,502288,88,15,16
414,3658794,96,33,31
415,1411814,47,11,9
34847,3605234,15,8,8
412,1618280,89,14,15
34846,65299,1,0,0
413,1128539,40,13,12
132606,124311,7,2,2
52432,31436,48,12,13
66469,779813,56,17,18
74176,731738,81,10,9
61111,729630,56,11,12
70287,42918,32,1,1
52426,326208,43,7,8
17742,453025,35,5,5
52429,189233,37,5,5
52430,230818,53,9,9
74197,19870485,89,36,33
83825,22020,2,0,0
74192,1838947,46,15,14
74216,3173012,54,15,15
17791,262853,25,10,11
61084,4992027,36,19,19
34867,783321,16,5,5
74215,19153378,88,33,35
78036,787730,20,10,10
61072,417414,19,9,9
47975,119520,9,1,1
74211,5770407,70,19,18
30244,1605007,66,12,12
47974,836534,21,7,7
34868,681750,19,5,5
34859,130280,17,0,0
47995,299064,22,6,6
61064,60953,10,0,0
61068,122093,3,0,0
417,1306382,93,12,11
416,972428,39,4,4
47987,180069,15,1,1
70309,1561561,87,17,18
418,1905845,79,10,10
66536,1424003,77,16,18
30283,286828,43,9,8
4328,15341301,42,17,19
4329,269927,47,6,6
74112,3943439,54,26,22
4326,734057,41,17,17
61173,1801446,42,18,16
39270,1079186,84,9,7
12930,417405,32,12,10
21536,848769,34,4,4
74137,2353710,114,18,18
30303,1613167,47,13,13
34894,1659500,44,11,10
47902,4922299,33,13,13
74138,1680713,82,21,21
34895,365618,42,8,8
47903,3011059,23,17,17
455,4759218,60,17,18
39284,81591,12,1,3
39285,81729,12,1,3
450,716515,39,6,6
39281,81729,12,1,3
39282,81729,12,1,3
39283,81729,12,1,3
4301,308857,54,6,6
74156,15968425,115,24,23
39241,322803,27,5,6
52408,1160124,82,20,19
83715,314479,8,1,1
83714,56819,8,0,0
74151,1259515,59,12,13
47906,15660366,48,23,26
47905,9539125,73,25,24
47904,7076928,82,19,19
74170,4452383,96,26,25
21533,8477371,51,32,32
9100,81769,12,1,3
74174,2810932,79,21,19
83740,1270787,38,11,10
9099,81729,12,1,3
9098,81770,12,1,1
47929,2051543,106,18,17
65528,1251830,39,10,10
65526,6890408,58,25,25
65523,37230,6,0,0
83735,424040,49,7,7
25735,921063,25,7,7
8263,122375,2,0,0
22485,444439,47,11,13
18148,942950,46,26,26
74358,470080,54,10,9
30129,2545602,30,20,20
8257,332190,12,2,4
60675,116948,16,3,4
64549,402238,52,6,6
64548,781586,16,7,5
64550,336608,44,13,12
64545,1829477,89,18,19
69940,239973,34,9,9
64547,1876057,56,11,13
69943,795643,83,26,26
53117,4863539,54,2,3
53116,1329678,43,7,7
69944,543916,31,12,12
39561,612213,48,9,8
53115,4371379,107,38,42
53114,5566631,69,19,18
53065,699273,35,4,4
8309,201119,9,3,4
83180,520021,16,12,12
83181,84727,11,3,3
60728,231369,14,7,7
18083,71813,1,0,0
608,264246,38,9,9
56852,3666851,16,12,12
60740,62622,2,0,0
617,641563,47,12,11
35823,1804286,15,5,4
69994,997340,24,9,12
64611,2984663,86,28,28
8214,2102668,44,23,23
629,623288,41,12,10
4939,1032116,48,1,3
30187,129442,25,5,5
39665,665340,27,12,13
39664,1412227,62,14,17
43424,565971,65,15,17
74256,70745,2,0,0
586,1001637,19,8,8
587,631319,75,9,9
53004,754166,24,5,5
4991,339875,33,5,5
591,1374189,94,16,16
8241,310804,13,2,2
594,1513209,67,22,20
60795,510571,9,8,9
39656,698701,43,5,6
607,845300,39,9,9
64588,4181761,56,27,27
35630,927046,58,11,11
65690,3509162,99,22,22
12793,2144885,61,21,20
65681,2920908,73,23,24
65680,2758095,66,21,23
5011,68387,4,2,1
5010,200623,3,3,3
65684,7352034,66,29,27
64690,1130571,107,8,8
65686,2283711,31,5,3
60829,551120,71,9,8
60830,1453152,42,9,8
701,732963,78,17,17
60825,1326592,85,19,19
60827,1287879,35,12,11
74464,4662779,62,18,19
60820,1963721,93,13,12
65666,2991644,86,12,12
65667,993705,84,17,16
65670,6735929,55,17,18
35594,1470842,59,12,14
35584,340504,17,2,2
70021,1705584,46,18,20
35585,89105,10,1,1
35611,3295359,68,23,23
664,45471,3,0,0
35608,15092239,41,20,20
70034,2905843,47,8,8
35606,675099,19,4,4
65758,239609,44,6,6
35692,667461,55,16,15
35693,2851600,44,8,8
65749,678921,66,6,8
74420,3531844,85,25,25
8322,462630,18,8,9
70119,9480676,66,27,23
74422,1525928,112,9,7
74417,1159508,59,12,12
74416,1657878,91,15,15
74419,1746650,81,15,17
35705,3229400,26,4,4
60888,97006,76,6,7
56971,18716,0,0,0
70138,3391392,92,22,22
25683,1126200,54,6,6
25682,2880616,87,30,31
25686,976867,53,11,12
35703,6732102,59,25,25
25685,946646,49,15,14
25684,991005,75,11,10
713,1095962,82,15,15
715,571734,80,13,14
717,1464692,70,20,21
35663,7041690,63,31,31
35648,1041897,53,16,15
706,576855,71,11,9
35655,310040,3,1,1
35652,1104462,53,13,14
710,337274,49,9,9
25722,2916260,36,9,9
70105,454536,33,7,7
720,337750,72,9,10
35666,522925,69,6,7
721,1013772,31,14,15
35670,15716471,48,21,23
70097,1050773,53,8,9
8532,3707652,75,12,11
22215,1795333,15,4,4
22211,9562942,69,28,27
35512,1759193,47,14,14
12395,243845,13,4,5
69692,956535,13,8,7
4624,3672042,15,8,9
43203,446412,50,10,10
29885,368035,15,10,9
35500,6752595,58,24,24
8523,341568,12,0,0
18410,2360853,34,19,15
22245,181533,21,4,5
8564,1900032,63,24,24
787,314120,3,0,1
60464,1476152,23,11,10
35460,2503218,23,10,7
35464,137450,22,4,4
26025,1271426,76,15,14
136749,966168,50,11,11
64865,2026871,34,30,30
136750,823432,48,8,7
35575,1917772,60,14,19
35576,1348174,44,7,7
35582,617575,36,10,12
4685,555589,91,9,9
39887,3522404,36,31,31
47535,19403488,82,32,29
39884,7459413,83,33,34
64877,536044,36,10,9
22161,15245239,45,24,23
4688,547602,109,22,23
4689,1032023,66,17,19
69735,649376,23,3,0
4691,252358,22,1,1
18338,81284,13,1,1
69733,1448767,52,13,13
4693,2042125,69,23,23
74559,2516462,36,10,11
43184,597742,66,13,14
64833,3478586,38,23,23
22179,153335,12,1,1
60534,5384229,43,3,4
60537,4844497,44,3,3
43193,945270,39,13,14
60536,4883019,29,14,13
60539,9306064,56,22,18
43197,1181955,46,19,20
43169,662819,67,11,12
43168,828027,47,10,11
35525,293108,26,1,1
43176,416363,46,8,8
22201,5462087,53,5,5
65919,2271319,76,23,24
22207,7142242,81,21,20
22206,19682660,89,35,30
22204,4811918,33,3,3
22093,1457321,54,11,11
12524,324147,17,5,5
18301,449072,42,10,10
12525,1013232,45,14,12
57292,1321595,93,13,15
35388,1448988,39,8,7
12520,1564260,46,22,23
60571,2147588,73,22,22
35385,4376614,97,36,36
12522,799397,59,11,13
12523,959065,16,6,7
43095,6497340,55,22,24
35380,2494427,22,8,10
83270,1,10,0,0
60560,8485175,89,25,28
22108,905518,66,8,8
8653,754793,29,9,7
60559,3626333,51,24,27
18285,531200,46,7,8
18286,80144,2,0,0
60556,4085203,91,12,11
65944,5917188,77,24,24
60555,19128771,79,29,26
60553,5399372,94,27,26
18283,542289,52,10,8
60552,6713657,85,25,26
60551,7150511,58,33,34
60549,15187136,45,16,17
65943,1725648,100,28,28
65942,7135131,76,28,27
22127,69320,6,0,0
83304,1,1,0,0
83306,130330,5,4,4
18267,1232217,71,12,11
29706,2126375,65,21,21
52953,4432318,57,33,33
22121,106800,7,1,1
83310,525565,54,6,5
8688,3015975,89,28,28
18252,1749439,79,20,21
35336,816072,47,14,14
39736,5137275,37,20,19
39738,2701146,82,12,13
29719,1330237,43,7,8
12499,9427197,96,30,27
29715,2238083,50,21,21
12498,9384320,62,27,27
29712,1306095,38,7,7
12497,4895485,33,14,13
22129,309018,10,5,5
47401,2003759,67,12,12
60639,129332,18,3,3
35453,69466,2,0,0
60637,1158785,42,31,29
57219,3064209,23,19,18
57220,851053,9,9,9
57221,2755331,32,11,11
35434,1301764,51,16,15
52907,358731,39,5,5
12472,656567,59,9,11
1002,1774040,98,23,24
25932,1999194,68,12,11
1005,1067012,48,12,12
12477,667760,63,9,9
993,945978,12,2,2
999,2118347,23,4,5
35417,2901423,47,9,8
52888,614276,42,2,3
12427,382779,25,10,10
64969,1895467,40,15,16
35419,3643870,15,12,12
35418,3535331,74,14,13
52891,1626229,39,9,10
64971,4929034,33,14,14
64974,863494,15,13,13
52887,5224172,46,30,28
64985,243194,15,13,13
64984,4838449,38,3,3
64987,6382286,57,29,30
57274,1120183,40,12,12
60653,632326,60,9,8
8620,1458515,59,12,12
60654,1351462,108,22,21
35396,3529641,14,8,9
64983,3411580,34,31,31
82619,594573,22,5,4
51469,49157,9,2,2
51467,3,2,0,0
82611,104661,4,1,1
16517,3311246,96,34,33
55350,3707349,110,30,33
9766,69473,50,21,21
166319,567891,39,6,6
82615,69555,7,0,0
67190,2561561,34,25,25
82613,63562,9,0,0
9762,1859999,56,11,12
36318,45209,4,3,2
64078,28787,8,3,3
36317,45216,4,3,2
16539,340943,46,10,10
9781,1374111,75,30,28
51479,192587,4,0,0
166331,1959227,23,15,15
48772,9653086,80,30,27
1104,71237,59,9,9
166332,748041,30,6,4
16530,1282670,44,13,12
71508,427515,59,7,7
82585,80096,5,0,0
5471,635234,40,5,5
51501,577950,29,3,4
5468,597376,31,5,5
51502,953062,34,7,6
9739,5585589,62,20,21
51499,6786198,60,32,32
82576,22618,0,0,0
51493,584393,38,4,8
51488,1433249,57,12,10
51489,2604,42,5,6
51490,1193707,41,6,4
51491,1255877,32,9,9
55315,51973,90,11,11
1151,912551,10,2,2
51517,5559980,59,8,6
48813,4710527,77,12,12
51518,1823685,42,18,18
55305,6964396,77,25,24
9754,1735713,70,18,18
20871,4588894,56,30,30
67140,6071,18,5,5
1136,1779627,15,4,3
71428,9506879,70,28,25
64017,1129654,108,15,16
71427,2884972,72,22,24
71425,5242985,71,17,17
48834,312489,12,2,3
48833,309549,13,2,3
48836,822421,48,8,8
48837,1369729,23,9,9
51567,7129795,81,21,20
64048,1195880,21,11,10
55379,588538,38,10,9
60165,3121602,25,11,12
67089,1351651,12,4,4
25221,317166,3,1,0
55372,320478,13,2,2
55375,100307,12,0,1
51569,4855113,47,3,3
64033,4792576,87,15,13
67077,1790094,43,10,9
51568,8330207,90,26,30
51570,5118372,55,16,14
25236,322502,53,3,3
82627,1018095,30,5,6
48662,833980,42,6,7
16389,419319,39,10,11
48663,821411,24,5,6
48660,42828,5,0,0
1222,642469,64,9,11
60384,272286,42,3,7
51598,898324,50,13,15
48668,453017,56,11,12
51597,882998,92,11,12
36170,325505,9,1,1
40058,893720,9,4,3
48666,926138,43,5,8
9908,674941,68,13,13
9917,220410,36,5,6
9913,102070,69,3,3
82476,1157227,36,14,14
71645,344707,46,5,5
1255,100149,8,1,1
60357,833830,31,19,22
48693,1352763,87,12,13
29557,648525,47,18,18
60353,567077,61,13,13
60354,577133,55,16,17
71657,1076764,91,12,11
55454,3264314,64,18,16
29560,683879,53,15,14
1270,226316,8,2,2
25173,1950660,105,21,20
79258,41882,8,0,0
71676,2364883,87,20,17
29547,4022970,25,14,15
9881,3179261,61,19,15
71558,407464,18,7,7
16455,626117,65,2,2
29464,99059,6,2,2
71561,187174,34,2,2
14302,1329153,9,5,6
9971,1934644,83,12,9
36117,1242051,120,17,20
55528,931139,12,2,2
71580,1550936,59,11,11
29455,1988154,23,12,12
20818,15918161,71,19,18
9922,392183,45,6,6
14322,12774702,44,16,15
14326,1005374,20,8,9
71586,6860364,59,25,24
55516,726929,6,6,6
9939,193587,69,10,10
14312,545017,39,11,13
51708,851398,6,1,1
78908,369531,55,7,7
78910,209151,7,2,2
16788,3792044,51,22,20
60018,3154447,61,17,17
5243,152350,2,2,2
25577,385269,33,5,5
51207,294014,6,4,4
71236,1317105,35,10,6
10019,4673557,57,26,22
64338,215013,90,9,9
71238,452262,28,10,13
64339,67499,49,7,9
71293,3008255,59,13,15
16820,1574177,82,18,16
59988,268095,52,5,5
71280,1227353,82,12,11
16817,5671826,76,19,19
64352,1044978,44,15,15
9999,6430680,66,22,21
71278,2905799,76,26,28
25544,3188754,97,30,29
51241,784342,16,8,8
9989,1257227,57,5,5
9990,601419,79,13,13
20624,2885184,70,27,26
25538,248781,15,4,6
9987,1493611,78,13,15
35994,5470501,56,4,4
51284,313721,82,12,12
35991,1122937,23,13,13
10073,1597705,33,19,18
13929,710122,83,2,4
13933,1021946,66,8,9
49134,317276,9,2,1
67335,533569,40,11,12
71221,1714179,94,25,23
13924,2733341,59,21,21
71218,674033,66,4,4
71217,2567971,128,20,20
82910,476030,14,6,4
55643,931601,51,9,12
55644,812734,41,9,10
78921,521467,15,7,7
36003,894649,55,10,11
13938,1729803,40,11,8
78915,1049937,43,11,9
67347,373881,38,10,10
51349,4846867,29,16,14
35921,63413,27,10,10
35920,1928427,62,23,23
35923,17177,33,3,4
25456,7409701,70,28,26
82735,408604,25,8,8
13960,1058606,84,9,8
35908,1464986,83,12,14
35909,1020153,77,13,14
35910,630808,50,10,10
71363,1402810,53,14,13
35911,306939,52,8,8
86532,78409,25,0,0
86534,213123,36,8,9
35906,327326,28,6,6
35907,3446435,32,6,5
5360,1696522,85,21,22
35916,10563,44,0,0
25454,3598434,84,27,24
35918,1036099,28,7,7
25452,7085738,60,22,26
25453,10262332,104,34,32
35912,39703,50,5,5
35913,9708,37,0,0
10153,1697091,73,15,13
10132,499711,39,7,7
10133,2208828,75,22,18
13989,1687090,91,15,14
55684,30947,5,0,0
5319,1421925,32,16,16
13991,782545,70,11,11
55683,34682,0,0,0
29292,301302,46,11,12
71422,1735855,50,16,19
67532,1926585,23,17,16
13995,1030866,47,20,21
14000,15317521,45,18,21
51375,255156,10,1,2
51374,59373,10,1,1
51373,11148,15,0,0
25395,215050,20,5,5
10228,369895,4,4,4
35862,1728817,21,10,10
25396,508451,40,6,5
71325,1571534,93,28,26
35867,1932529,65,23,24
16729,3498579,43,31,29
71326,886558,47,10,9
10238,3013831,34,18,12
20590,1761348,67,18,18
20588,122881,16,4,5
35841,5440694,46,4,4
64400,36700,41,9,9
35843,3426740,33,5,5
25382,1449036,40,6,6
71297,869104,35,5,4
10213,5617068,118,34,36
10212,2128717,77,20,21
14042,127708,2,0,0
40250,443521,22,10,11
14040,3012286,23,20,17
35852,730397,36,7,7
10221,1446375,73,17,16
10192,2502679,23,8,10
67462,985595,64,14,15
14050,4303242,87,25,26
10195,1351589,11,4,4
10202,850429,6,1,1
10203,4904783,34,15,15
71357,1706133,39,8,7
10204,83173,46,1,4
10205,6009160,55,31,31
71353,898094,71,10,11
10177,1802025,15,4,4
40211,20687,65,15,15
55762,56391,7,1,1
29234,15047848,44,23,22
10179,1352044,11,5,4
51429,6346185,49,23,22
71329,1376587,98,21,20
16743,52609,15,2,2
35882,1326461,43,17,15
35883,3017949,23,18,20
67485,323490,27,5,5
35881,1875179,44,14,16
16747,186868,44,9,10
16749,403480,34,5,5
25358,328824,20,7,6
64444,2229670,30,4,3
36841,228138,43,5,4
71023,290102,18,6,6
5982,526485,84,11,13
36846,757827,15,5,5
36839,514613,36,6,6
66633,683083,45,7,7
13602,4361680,86,38,39
36851,1178474,53,9,9
21432,1351182,64,10,9
13594,5568290,89,27,28
24813,1248961,86,20,18
17037,5370280,43,4,3
24812,1140336,82,15,17
51980,3457626,70,33,32
24801,671582,46,10,10
51969,5248476,83,28,28
5985,985552,56,15,16
29121,287388,14,8,8
51984,7605673,99,29,28
51991,866443,79,14,13
63557,719608,42,8,8
51988,2745977,64,21,21
52077,336373,25,5,5
52078,135988,58,7,7
5914,62378,13,2,1
29114,883729,57,14,13
52073,3421463,35,31,30
52075,238540,76,5,6
86496,232289,23,4,4
29108,816400,21,7,7
5909,95961,17,4,5
5906,59163,9,0,0
29100,296465,37,7,8
48360,436127,4,4,4
29096,342592,25,9,9
29085,933401,22,10,10
24749,190019,17,1,1
29086,553587,40,6,7
40626,3997448,74,22,22
70917,824800,62,10,11
40618,421424,51,3,4
40619,325215,91,5,7
125710,1873896,52,19,19
55907,153260,5,4,3
24753,146965,20,4,4
16930,4828933,25,15,16
6096,1367801,78,16,15
66781,3564902,15,8,9
6104,1638891,59,19,18
36717,2740367,36,20,20
59852,432243,54,9,10
36718,550740,22,7,12
16940,455266,31,11,11
21251,149825,22,1,1
40517,318686,4,1,1
21254,82940,17,5,4
16950,1765107,49,14,16
21253,382478,44,5,6
21252,1369686,55,15,15
21259,94466,16,2,1
21258,1440857,71,25,20
9375,1791694,36,9,9
6093,308207,33,5,4
66807,1330978,9,6,6
71111,1082033,63,16,15
66804,551423,72,9,9
9382,7527312,108,16,16
71119,249406,39,10,10
66790,3970544,21,15,15
71127,1917995,67,12,12
71125,34049,12,0,1
71121,1610218,24,8,10
29000,954354,31,23,23
6124,3035759,35,15,8
71130,649318,18,7,7
24582,3031828,60,17,14
71072,89330,15,4,4
13813,83621,12,10,10
71074,2019176,21,6,6
71079,1975759,16,6,6
16993,798355,46,12,12
71078,1969193,16,6,6
56029,359370,24,10,10
56028,252542,5,4,4
71082,1472257,80,12,12
71085,1620916,61,14,13
71089,868042,46,10,11
17012,1575131,88,23,20
13792,90063,2,0,1
9425,4294106,27,12,14
48237,568682,30,14,15
48239,1559583,30,21,20
28954,2252261,34,23,22
24618,661621,62,6,5
6048,18471801,79,31,28
56034,1424908,57,12,11
56032,136587,13,6,6
56033,237484,12,5,5
71070,303846,13,3,3
71071,125251,9,2,3
71069,1899533,12,6,6
86204,498878,48,6,6
56079,944031,9,7,7
36607,1790660,15,4,4
25040,1049876,78,7,9
48546,115760,48,5,5
40902,1245152,64,14,16
25045,1953454,117,29,27
166534,149101,5,4,4
17320,154423,61,8,9
63867,318624,37,3,3
66908,939659,31,8,8
63865,1701343,35,22,23
21149,492979,17,6,6
56092,4440884,64,21,20
28926,178181,46,3,3
21150,312287,39,4,3
48521,673324,40,2,2
48525,2810351,40,11,11
25078,1182349,58,10,10
21158,2619171,103,25,25
21156,695156,45,12,12
25067,3313952,85,18,20
25065,2782738,87,12,14
59500,283189,14,7,6
59494,112685,0,0,0
17402,150178,6,4,4
24981,1059710,19,10,11
36533,1812438,73,20,22
17399,75296,17,3,4
24976,671773,27,6,6
86263,280414,13,4,4
24977,495918,26,6,6
24978,299973,23,10,11
48608,4696092,28,11,10
70699,1266798,85,11,11
24975,671773,28,6,6
40861,1776963,49,10,10
70689,4809125,85,16,14
40877,2630964,99,14,14
48589,90431,8,0,0
56172,38920,4,0,1
51806,480932,32,6,5
36504,2052715,95,14,14
56171,28984,6,2,2
59444,2172042,31,3,6
59441,4183026,109,13,12
59440,3228690,26,4,4
59442,8180027,92,30,30
21245,987584,67,18,17
59438,3197134,105,15,14
63768,1347562,11,4,4
86208,89283,6,2,3
67014,2268405,34,11,10
17203,505363,45,6,7
70900,1220232,46,17,14
24914,1001370,103,13,12
67013,309439,7,5,5
44052,923409,25,6,6
67022,1116286,57,10,9
67020,514573,46,7,7
9628,15516366,44,18,21
9629,3469731,34,6,4
9630,158697,18,2,2
9610,19839924,93,34,33
51886,49815,51,2,1
9614,3841281,27,13,13
70865,967108,35,4,4
51864,3241205,57,20,20
5875,1016402,86,15,15
9635,1130936,60,13,12
70852,1048072,96,17,17
13456,4901745,28,14,14
40820,358922,25,7,7
48406,2874322,57,23,22
48408,627678,29,4,4
48412,1366,21,5,5
48413,8046,59,2,2
48481,7517592,95,28,27
63927,877852,25,10,10
36395,3311310,33,5,5
66978,7055966,47,17,17
66983,258976,54,5,5
166512,460485,25,8,7
5802,2864074,60,11,9
5800,5233296,57,18,13
51930,1823765,39,12,11
5801,2502010,23,11,9
40758,1652271,67,25,25
40759,2016333,68,12,12
48465,10254174,67,29,27
66996,186747,35,1,1
166510,2870082,23,21,19
66999,331548,28,8,9
166511,199610,13,3,3
63901,221687,35,3,3
67001,131620,37,4,5
48477,17667774,86,28,27
67000,643128,72,11,11
67002,2930599,20,8,8
51913,581279,25,3,2
40761,1144073,79,23,24
6568,1354570,88,4,3
169030,138109,2,2,2
169028,85617,2,2,1
169027,133683,2,0,0
23918,1166148,70,19,20
28212,18879,6,1,1
15320,2616088,34,29,29
36920,133253,17,0,0
36912,1125971,95,11,12
10981,9300173,57,19,16
36916,849763,6,1,1
28199,1621058,45,13,11
36917,795225,16,5,5
33081,4512797,79,24,26
59280,337754,32,3,4
6554,1329180,47,13,11
72623,132291,55,7,7
19561,2637545,32,26,25
63165,415385,44,12,10
63164,600745,35,2,2
72618,3124918,23,10,10
63166,366125,23,1,4
63153,10263007,102,33,32
63154,4920695,33,15,15
63158,2325406,24,13,13
63182,67032,1,0,0
50591,478785,18,12,11
28280,428954,9,4,4
54443,2732096,35,26,26
63177,76202,2,0,0
36989,5030936,89,30,33
2245,719180,29,24,25
54452,2336751,82,25,23
32621,68634,4,1,1
54414,1561490,89,12,12
10907,233690,8,4,4
6601,3806565,50,19,21
10897,1402435,67,14,14
10894,1203835,32,13,15
54420,1200826,51,14,13
68135,92068,92,5,5
41969,117585,3,1,1
10869,31784,21,0,0
68137,151192,89,6,7
68136,53398,35,4,4
28324,4840967,44,3,3
19654,434163,28,13,14
6463,7096548,55,27,27
28311,655106,39,8,8
19707,576967,62,5,5
37005,1061581,50,5,5
59255,552323,7,4,4
63046,180176,33,5,6
2130,912346,34,9,10
10802,9363981,59,24,21
37102,2531528,90,13,14
37103,77552,1,0,0
37101,2578713,23,21,21
37099,1157469,42,11,11
59257,5821,2,0,0
41892,181912,92,7,6
37106,1617220,29,7,7
37105,118111,16,0,2
37104,2962402,70,21,23
19593,698215,52,11,11
23942,2844346,96,23,23
2175,1526026,34,26,26
2174,2816584,35,30,28
6476,1105462,50,15,18
54280,1788142,40,10,7
41883,181576,59,11,12
10758,7466015,87,26,24
33261,851054,35,15,14
23967,103961,37,5,5
23960,4716521,82,14,14
37176,1423452,75,18,18
72335,502552,46,3,4
37179,644918,59,7,7
68542,920896,50,11,10
28462,2269638,90,21,22
68538,223558,48,8,8
19783,15480364,41,21,23
37174,792155,38,5,4
11260,637840,81,12,13
28476,1818896,99,18,19
72342,2402535,55,15,20
68518,1617931,51,15,13
68519,610212,54,13,14
28468,1844781,69,10,8
72359,173104,17,7,7
72358,740768,23,4,3
11204,3124880,88,14,13
59014,896753,23,14,14
59013,1440826,58,13,13
32311,947963,12,2,2
76268,932285,12,2,1
54728,768475,74,7,11
2495,381425,24,10,10
89714,539329,16,12,12
37247,211780,66,7,9
2506,245109,24,5,4
37238,507766,29,8,8
68594,3341748,29,4,5
68597,3265243,28,5,4
32334,9274749,54,18,13
32326,3255021,78,27,27
68581,3009064,23,17,17
32851,349019,47,4,4
50347,4401104,70,17,18
6359,1802828,15,5,4
28480,8996055,94,29,26
28510,482212,41,6,6
68547,2042290,77,22,22
41493,98889,26,5,4
68545,2561668,60,14,19
68549,296340,38,2,2
58912,6564084,56,23,25
68406,1012726,26,10,10
68407,172253,48,10,11
14934,93057,19,1,1
68400,982742,67,13,13
68401,429096,73,10,10
72207,240470,45,4,4
11113,1210668,94,24,24
11118,1941210,93,19,17
68408,447130,65,11,11
68409,72449,28,6,7
11117,1552524,66,10,10
58927,334845,30,4,4
11123,2395723,28,20,20
2325,2219387,46,16,16
11125,3757316,52,22,22
68396,1970631,55,16,15
68393,997346,71,14,15
68395,1247216,67,11,11
68394,1099870,62,10,10
41671,1258655,76,20,19
41674,1768366,98,21,20
32958,212801,5,2,3
50182,1453650,41,6,7
2370,1,17,0,0
58978,14560779,40,19,20
50198,601984,54,15,16
72278,3667150,62,17,16
68433,1905418,83,22,20
72300,2037913,82,19,17
68444,4419614,44,13,14
72307,550797,54,7,7
11029,139617,8,3,3
14885,1047169,26,12,12
11027,1988194,92,16,18
63329,845161,56,10,13
68427,533892,43,12,13
72313,2530927,103,21,22
11033,1954258,51,16,15
2424,1663748,38,11,9
11034,91870,11,3,3
162115,43138,8,0,0
72120,4824302,84,15,14
72123,5526428,70,19,17
51189,6848798,59,23,25
72115,9556156,73,27,27
2739,3125126,23,10,9
72119,1910586,51,13,12
2731,992995,27,9,8
72096,2298950,83,32,32
72099,7348287,67,28,27
72098,7150792,58,27,24
2722,833849,21,10,10
2708,1106612,50,12,11
2709,346248,34,11,11
7078,983348,46,16,10
2710,465398,70,6,6
2711,59553,20,4,4
72079,1872916,59,16,16
58795,13384542,38,29,29
72078,162220,44,3,6
55033,256386,9,5,6
72076,3225880,64,16,17
24436,4802106,38,3,3
55031,377899,26,7,7
33543,1128731,63,7,7
72064,4017750,98,38,37
41314,2849952,73,24,23
67766,463183,44,5,5
33658,264050,24,1,1
67784,1538949,38,12,13
20030,272765,71,4,4
67786,529473,51,7,7
67781,1533200,50,13,11
58835,4846901,45,3,3
41237,1335563,12,10,10
37444,54214,6,1,1
41238,181319,8,2,2
41225,3275970,62,16,18
58827,3142873,35,19,15
54938,509414,22,12,11
20015,83835,12,9,0
54940,3196788,62,18,17
41230,2320953,31,3,3
2784,1398667,52,12,10
67798,558784,73,7,8
41221,1575245,64,22,21
67792,1946144,61,22,22
41223,3237766,26,4,4
51102,716293,50,9,10
27772,7319909,86,20,20
51101,402001,44,4,5
2769,427924,48,6,6
54948,2757415,40,10,10
72145,7010823,62,24,26
7143,3235037,26,4,4
54963,2994219,89,29,25
33716,856722,6,1,1
24518,15477775,43,17,18
37511,6363320,53,31,30
24514,2878665,23,22,21
24515,724969,22,15,15
41427,118153,9,3,2
41436,6845258,55,28,28
33722,357266,16,1,1
67602,2772850,55,9,8
32177,190976,2,0,0
32176,432638,10,5,6
10318,641950,36,11,12
62469,3263187,15,12,11
62468,720078,26,16,16
41458,3694401,105,25,24
32142,391619,23,14,13
58684,661393,19,5,5
33691,1891389,71,25,25
2566,1342061,35,6,8
14678,299845,15,3,3
2561,9428,13,5,6
14674,61873,2,0,0
14675,154376,2,0,0
24574,55142,4,2,1
71948,114198,3,0,0
14682,3951843,49,20,21
24570,1415862,20,11,10
10259,897957,89,24,24
72052,2524548,79,21,21
33778,6623154,59,31,31
10267,5757174,78,18,19
72060,1039732,89,17,17
10265,591383,27,12,12
72062,3296254,110,27,28
10264,1327317,9,5,5
41375,288382,26,9,11
10242,5793933,57,29,31
33764,850749,6,1,1
33770,5419532,49,4,4
72041,730175,59,10,10
10253,1994235,70,18,17
58739,820531,28,9,9
33745,420463,37,3,3
24485,894691,40,11,11
41397,2128867,75,11,10
33752,236557,11,5,5
2650,1417309,67,14,13
58725,1426706,68,26,25
32216,168837,39,6,7
24508,558063,39,2,2
67993,16827736,113,26,25
67999,1409132,38,5,8
71871,2003582,55,16,14
3001,2639322,34,30,30
33337,2159106,28,3,5
33336,2175056,28,5,3
67971,4887723,28,14,13
71861,365434,60,11,11
41070,731135,62,13,13
37689,2000021,33,26,24
41065,960523,39,8,9
6838,1227716,54,8,7
6837,1205700,53,8,8
58559,37393,32,0,0
6823,1794079,15,4,4
41074,2122207,44,10,11
68007,2276303,97,22,20
58571,4146,29,4,4
58568,15310,14,2,2
68058,4545820,80,14,13
31870,4840091,44,3,3
27969,763895,16,3,1
6864,375773,46,3,4
58561,131900,7,4,4
6866,673273,40,8,8
58560,130373,8,2,1
71905,1549192,63,14,12
6870,1405398,71,17,18
71928,1392830,45,11,10
20287,773281,97,4,3
28010,3415103,31,5,5
58605,559604,39,1,2
40993,3240120,27,5,4
6900,4748669,80,14,13
58616,362575,19,9,8
3032,431645,24,7,7
58618,121862,2,0,0
58609,3330323,54,26,24
55203,521561,19,6,6
37732,600448,67,9,7
6885,1069062,74,14,14
6673,685775,49,13,12
33440,1088945,53,7,5
67866,13590931,54,15,13
67868,3231852,27,4,4
67869,3204218,79,18,18
55108,3753033,47,14,14
55107,2760426,47,9,9
24257,778198,53,9,9
55106,2167667,34,10,10
20476,2648401,23,20,21
6669,3085121,55,16,16
33471,1281338,39,18,18
10587,925015,34,4,4
37809,1317151,92,20,20
37808,1247599,87,18,20
67893,4088067,84,16,16
67895,389983,60,5,5
28078,86845,12,1,1
28077,185922,12,3,3
58408,487251,15,6,6
24314,249953,48,4,4
20426,709691,82,13,13
41212,1009465,39,11,10
50781,2455131,124,19,20
24303,1711051,27,8,8
50780,6228879,73,26,27
162016,39115,4,0,0
37806,709632,84,11,11
50782,2813089,78,25,25
67884,15462775,40,22,26
41210,1246173,35,16,13
10498,1342571,9,3,3
41095,1142979,54,16,16
6744,2632438,55,8,5
24218,39055,23,0,1
67910,5353227,43,3,4
28119,1352871,94,13,14
10521,1296821,43,16,15
55049,923977,12,2,2
55055,307955,17,5,5
10535,318596,7,4,5
41126,63539,30,7,9
10536,376123,30,5,5
10549,1760113,39,16,17
28155,328915,26,4,4
55083,15490395,44,18,20
67950,3628472,13,13,13
22819,4708851,74,13,12
7651,1913422,81,10,8
58342,1775051,34,29,30
58341,1700250,33,26,26
58340,3047110,35,28,28
69360,2287276,78,26,23
31570,581968,22,10,12
27245,819745,39,7,7
11951,1045967,43,6,7
7675,372712,21,4,4
7622,1457238,64,14,15
31590,958137,34,7,8
7623,7446455,88,19,22
34167,1814346,98,18,19
62182,2731559,29,11,11
27220,195296,17,2,2
31597,129296,2,0,0
34174,323040,40,5,7
34171,488109,52,9,9
11911,704246,11,3,4
11910,1247695,51,13,14
69328,169331,47,7,7
11909,1327930,42,7,7
11908,920130,25,6,6
73701,5435608,42,4,4
11907,1665850,54,15,14
11906,1341955,46,13,12
69332,886183,60,16,17
37971,587387,37,9,9
62207,489273,34,8,9
73706,890063,37,10,10
69338,4017806,53,24,23
11913,3426075,35,5,5
49579,173729,16,1,1
11912,202221,27,1,1
49621,83783,12,9,1
69292,1359708,49,11,11
3228,1012382,75,10,9
69300,1834349,99,23,26
3255,916188,32,22,21
58261,718669,25,7,7
58262,671203,55,4,5
16363,933115,50,11,11
58267,1037998,41,5,6
49632,302727,3,0,0
69271,598299,75,22,24
27140,1457856,86,12,13
53465,3207570,62,19,16
62137,163468,26,1,2
62136,250613,51,13,13
69273,5274297,55,20,20
3246,829833,16,9,10
73642,810587,75,16,15
49439,3171745,93,24,23
3167,8925795,30,18,19
46728,632134,53,11,11
49421,4027768,82,16,17
34243,95927,43,3,4
46753,29940,16,1,3
46755,398334,21,10,8
34202,336930,71,10,12
34200,423712,57,9,10
61961,314766,8,1,1
34207,742777,58,9,9
34204,1994173,61,15,15
34205,529627,51,8,8
34195,1296301,65,9,9
34196,381579,77,7,6
3072,3654278,95,22,27
34177,342928,50,10,9
27300,1866183,43,14,18
34181,853377,76,13,12
27290,4988434,37,20,19
53320,113862,6,0,0
53324,110746,8,0,1
3133,1304913,73,17,17
53313,70369,5,0,0
69124,2685388,72,23,24
53315,18300,7,0,0
31649,217312,67,10,12
62009,1098559,60,12,13
69149,1702270,69,19,19
3113,10974,29,5,6
34222,542068,69,14,10
34211,783028,77,23,28
34212,419963,48,11,11
69619,6922996,60,24,24
69618,1940723,52,16,14
27502,304745,51,11,10
22591,5496524,55,24,22
33870,191465,18,3,6
22589,667991,32,3,3
62430,262893,8,4,4
62424,555274,10,6,6
27496,34376,29,6,5
62427,136695,6,2,2
33875,6334186,58,33,29
27504,823121,66,15,14
31351,245456,17,7,8
18732,571738,21,6,6
49326,5348596,43,4,4
49324,5462595,56,4,5
31352,286120,44,7,8
31354,226029,16,6,6
12171,2680395,53,8,8
18741,437129,34,3,3
18740,982114,38,11,12
38214,1429355,40,6,6
69571,3647762,16,11,8
49330,5461148,58,4,4
18736,1643935,39,8,8
18748,295962,27,8,7
18745,981748,37,10,10
62442,552659,7,4,4
69582,1791312,15,4,4
27425,788263,16,6,6
18753,3730672,74,12,12
62354,788351,15,7,7
73344,629088,76,25,26
27431,75424,13,1,1
22644,6641497,58,31,31
73356,19412624,80,31,27
73354,2219564,66,5,6
12279,8996700,49,23,22
53734,1275930,53,13,13
73374,1058898,107,9,8
33819,1332078,9,1,1
73375,2354408,119,20,20
33818,1192704,21,11,11
18783,6686513,62,27,29
69544,395311,64,7,7
18780,422833,61,6,7
53716,567145,60,4,3
62388,1162146,55,9,14
18793,861784,35,13,12
69532,7263005,90,21,19
69531,4833329,37,3,3
18798,1046031,49,2,3
84802,669187,70,17,16
49397,520192,24,12,11
168339,54204,2,0,0
42665,2892570,66,25,25
49157,2927478,81,26,27
62293,222392,24,4,4
27621,436150,5,3,3
18819,1516931,30,6,7
49153,5489755,51,31,31
31437,93846,14,3,3
53545,15972,18,1,1
53544,285791,14,6,6
73310,1710595,67,7,11
53541,254479,8,4,4
46981,2859137,44,8,8
38375,2848443,23,20,20
77063,712400,13,4,5
53539,61825,3,2,1
69479,496346,103,17,16
46979,3180900,104,15,15
42636,2172507,31,3,5
73312,1369689,66,17,16
73318,2467028,120,21,22
73319,1069932,76,14,13
12033,978538,46,7,13
53517,1103257,45,14,15
73336,1411519,34,27,28
57945,4858259,54,30,30
69440,1150851,60,14,13
69447,331290,15,4,4
69446,725862,36,4,5
73333,20369324,96,34,36
38336,13657074,73,22,22
42640,120038,3,0,0
69444,907655,39,6,6
73230,4894694,28,14,14
73226,9652197,87,30,27
47070,7409,31,4,5
49240,109635,61,8,8
57912,109082,34,1,1
31368,1112373,26,13,12
62219,280608,58,6,6
31369,597829,35,10,9
3359,1287340,92,24,23
69416,1017328,67,17,18
49235,883743,74,17,16
57907,118794,41,6,6
73238,6904363,60,24,26
12144,1343704,48,32,31
49236,880074,73,15,17
57908,11017,7,2,2
57911,109862,44,6,6
73263,1447415,93,7,7
3369,476140,47,5,5
53586,1054323,18,10,11
73255,281501,59,4,4
69396,1791980,15,4,4
53585,2693360,45,14,14
69397,870689,67,12,12
33959,119817,6,0,0
53579,2222707,58,18,17
57884,1787618,15,4,6
49264,3668951,13,12,12
42710,316503,14,3,3
73264,1491416,102,7,8
73205,3013677,89,29,28
38464,996371,50,8,8
73206,5789250,84,25,27
73207,13661568,46,15,16
83969,362346,24,12,10
23302,1441241,59,13,12
73203,861887,91,12,12
77480,1488891,40,7,7
77483,837615,16,11,13
53903,1220493,30,9,9
73189,959631,90,11,11
53905,2156609,108,21,21
73188,2023855,95,21,20
53908,85070,5,2,3
73187,1386429,52,18,18
73195,4250336,106,12,12
8156,2411193,34,25,24
38497,426892,19,7,7
57840,1236040,92,20,18
53921,2767267,91,28,28
68834,5369897,43,4,4
77452,30831,18,1,1
23338,3389985,116,37,39
23341,848462,108,7,5
77451,560894,29,10,10
53939,1693546,88,15,17
73155,3441219,89,19,20
73153,5253175,111,34,31
73152,3305314,81,29,27
57832,1532185,80,13,15
50063,2981973,83,32,30
57837,496414,51,12,13
26655,3234882,26,4,4
50170,1456371,40,8,6
68753,846457,6,1,1
73120,2386372,104,18,18
50147,722786,99,16,16
34606,182019,57,9,9
38430,15292309,44,20,21
42359,5317188,39,4,4
73107,2928857,75,26,24
26676,3559152,36,32,31
38437,2661861,58,16,15
61573,947890,32,21,23
34577,494915,20,4,4
23394,4862759,52,3,3
77515,22911,23,6,6
77512,1801303,15,4,4
73113,1220312,57,15,15
50141,1238485,82,12,14
26681,3554220,36,30,30
34564,7024165,63,30,31
34574,146141,5,0,0
84088,801047,35,5,5
23422,5588300,59,10,6
54011,960455,63,14,13
73101,316060,67,9,8
11291,2310404,29,4,4
81692,1419860,49,9,11
81694,550028,8,6,6
73083,2344541,93,18,21
61551,99693,14,3,3
81669,754352,37,15,14
68695,2863994,23,20,20
68717,139402,3,1,1
61504,1375215,35,11,11
73042,975966,41,5,8
53819,4415282,59,30,32
84157,103282,14,3,3
73036,483508,44,6,7
3658,697352,50,11,13
3659,848541,56,12,10
3660,354161,25,6,6
3661,766212,71,13,14
23487,30319,26,4,4
53820,573823,39,10,12
23486,949590,32,8,8
19199,1175443,61,15,18
3646,1838367,77,23,23
50044,265800,16,6,5
19190,2058357,69,10,13
19191,467951,6,4,4
81750,1173156,48,15,13
19183,1521992,56,13,11
53847,4842979,45,3,3
53843,2272921,33,7,4
53863,2044905,34,28,29
38562,1042184,49,9,8
53859,3324916,34,30,30
38591,841991,41,12,13
68666,83975,10,1,1
72971,1798495,98,18,18
38590,407290,42,6,7
38588,658830,30,4,6
38587,420814,23,8,9
38586,1090621,42,14,15
38585,42179,17,2,2
11371,1188386,28,6,5
38584,264171,27,2,2
84214,1132551,29,7,7
68663,38744,14,1,2
57538,1837867,35,11,12
7893,931723,59,18,19
26950,4563934,27,18,17
57547,830717,30,7,7
57545,815253,37,7,7
84253,885440,48,10,9
4077,2441602,35,24,25
69080,3310904,91,30,29
84225,1213287,29,12,13
84224,54936,9,0,0
72945,1234506,81,20,20
72958,3791267,84,12,12
30826,3609696,86,31,28
42008,46812,18,6,6
4035,1442764,27,4,4
15507,855269,59,13,13
77719,345167,17,5,4
19200,1450385,80,13,12
49803,6919817,54,23,23
7933,7840356,85,25,25
69114,1338500,73,23,27
159007,111224,5,0,0
54176,2008509,63,13,12
11699,177537,2,0,0
7908,2495898,87,14,14
81593,624242,49,17,18
81594,284391,28,2,4
81595,454804,27,5,8
57476,638443,62,10,10
72871,780154,36,2,4
42061,1534679,59,10,12
23128,1033774,88,12,12
15569,153984,26,2,2
77789,94315,23,4,4
3978,4717367,56,22,23
23142,2298787,85,22,21
7841,874851,42,16,17
15567,69447,30,5,5
34329,970124,53,14,14
34537,673911,18,4,4
42121,710146,58,9,10
49711,546576,58,3,6
42124,763693,70,11,10
49699,273299,56,5,5
23179,14615,0,0,0
49712,759428,62,10,10
57431,916406,38,11,11
57449,331644,19,12,13
81448,70650,5,1,2
84410,254502,8,3,4
81451,1664226,15,15,15
81445,78409,10,1,1
81447,46471,17,0,0
81441,107354,13,7,7
11559,599641,32,12,12
30932,30572,5,1,2
81464,119943,4,1,1
34527,831522,16,4,4
57457,794886,22,8,8
81458,3231258,25,4,5
7780,2306796,76,12,12
19439,572593,69,9,9
68889,1796564,15,4,4
7700,780156,24,5,6
19431,1874282,49,14,13
68886,3237158,27,4,4
7692,7318782,64,26,25
77678,79166,44,9,13
57370,116673,11,4,4
77677,326985,44,6,6
77676,86,12,2,2
57368,52239,5,3,3
34445,768584,16,6,5
34440,1510026,53,28,27
34439,1509677,62,12,12
81507,975543,47,14,13
34438,667806,25,2,2
81508,620915,38,11,12
81509,910861,29,8,6
7727,636767,41,11,10
68905,42053,54,1,2
7726,154306,38,4,4
23277,1199286,22,9,7
11644,488396,5,4,4
34457,949079,9,7,7
68911,126799,52,4,4
34459,698660,25,5,7
68910,104475,51,6,7
61702,760667,45,20,21
84453,306852,15,5,5
