87
125
126
131
144
146
147
148
257
264
267
269
282
306
307
308
334
349
361
363
411
412
413
414
415
416
417
418
450
455
589
590
591
592
593
594
595
607
608
617
629
664
701
706
710
711
713
714
715
717
720
721
749
787
804
993
998
999
1002
1005
1051
1104
1136
1151
1222
1236
1255
1270
1283
1328
2130
2325
2424
2455
2495
2506
2566
2650
2708
2709
2710
2711
2722
2728
2731
2739
2767
2768
2769
2770
2777
2784
2787
2942
3032
3072
3086
3133
3167
3228
3246
3359
3369
3646
3658
3659
3660
3661
3667
3978
4035
4108
4143
4144
4145
4146
4148
4149
4150
4152
4190
4297
4301
4318
4326
4328
4329
4349
4350
4351
4352
4354
4366
4585
4593
4624
4685
4686
4688
4689
4690
4691
4692
4693
4754
4939
5010
5011
5237
5243
5290
5319
5360
5468
5471
5800
5801
5802
5875
5906
5909
5914
5981
5982
5985
6048
6093
6096
6104
6124
6359
6463
6476
6554
6568
6601
6669
6744
6823
6837
6838
6863
6864
6865
6866
6867
6868
6869
6870
6885
6900
7078
7143
7622
7623
7651
7675
7692
7700
7726
7727
7780
7841
7890
7893
7894
7908
7933
8214
8241
8257
8260
8263
8284
8291
8309
8322
8378
8500
8523
8532
8564
8616
8617
8620
8651
8653
8661
8688
8986
9015
9054
9064
9088
9375
9425
9610
9614
9617
9628
9629
9630
9632
9635
9640
9719
9739
9754
9762
9766
9781
9881
9908
9913
9917
9922
9939
9959
9971
9987
9989
9990
9999
10019
10032
10036
10061
10073
10132
10133
10150
10153
10173
10177
10179
10188
10192
10195
10202
10203
10205
10212
10213
10221
10228
10238
10242
10245
10253
10259
10265
10267
10318
10324
10498
10521
10535
10536
10549
10587
10645
10758
10802
10869
10894
10897
10907
10976
10981
11027
11033
11034
11113
11117
11118
11123
11125
11204
11259
11260
11264
11265
11289
11290
11291
11371
11559
11644
11683
11699
11893
11906
11907
11908
11909
11910
11911
11912
11913
11951
11970
12033
12144
12171
12279
12395
12427
12472
12477
12497
12498
12499
12508
12520
12521
12522
12523
12524
12525
12729
12793
12855
12895
12896
12913
12930
13058
13060
13200
13206
13456
13594
13595
13602
13607
13792
13813
13814
13815
13924
13929
13933
13938
13950
13960
13988
13989
13990
13991
13992
13993
13994
13995
14000
14040
14042
14050
14302
14312
14322
14326
14674
14675
14682
14867
14885
15498
15507
15567
15569
16363
16455
16517
16530
16539
16599
16729
16744
16747
16749
16788
16817
16820
16930
16940
16950
16962
16993
17005
17010
17012
17037
17076
17203
17320
17399
17402
17433
17464
17544
17611
17625
17680
17683
17686
17688
17726
17742
18066
18079
18083
18084
18148
18252
18267
18283
18285
18286
18287
18301
18334
18338
18732
18736
18740
18741
18745
18747
18753
18780
18783
18793
18795
18798
18819
18894
19117
19183
19184
19190
19191
19199
19200
19593
19653
19654
19707
19783
20015
20287
20295
20373
20426
20427
20476
20590
20624
20818
20871
21149
21150
21156
21158
21160
21161
21162
21245
21250
21251
21252
21253
21254
21258
21259
21422
21432
21488
21533
21536
21612
21613
21649
21656
21726
21729
21735
21737
21801
21808
22093
22108
22121
22124
22127
22129
22161
22201
22204
22206
22207
22208
22211
22215
22245
22485
22570
22589
22590
22591
22644
22685
22819
22826
23074
23079
23128
23142
23179
23264
23277
23302
23337
23338
23341
23342
23394
23422
23428
23486
23487
23671
23917
23918
23929
23930
23935
23937
23942
23947
23948
23960
24215
24218
24257
24287
24314
24316
24436
24485
24508
24514
24515
24518
24570
24574
24582
24618
24749
24753
24766
24783
24784
24801
24812
24813
24914
24915
24970
24975
24976
24977
24978
24979
24981
25040
25045
25048
25065
25067
25078
25090
25173
25221
25236
25358
25382
25395
25396
25452
25453
25454
25455
25456
25538
25544
25559
25577
25682
25683
25684
25685
25686
25722
25735
25738
25932
26025
26231
26249
26304
26428
26431
26655
26950
26993
26994
26996
27140
27245
27290
27300
27387
27425
27431
27490
27501
27502
27503
27504
27507
27621
27696
27772
27969
28010
28119
28155
28199
28230
28280
28311
28324
28462
28468
28476
28480
28496
28501
28510
28521
28926
29015
29085
29086
29095
29096
29100
29102
29108
29114
29121
29234
29292
29455
29464
29547
29557
29560
29706
29712
29715
29719
29885
30129
30244
30283
30303
30576
30577
30580
30601
30826
30833
30932
31114
31351
31352
31354
31368
31369
31437
31570
31590
31597
31870
32176
32177
32179
32216
32311
32326
32327
32334
32621
32851
32958
33078
33079
33081
33261
33336
33337
33345
33440
33471
33543
33639
33658
33691
33710
33716
33722
33742
33745
33749
33752
33756
33764
33770
33778
33819
33870
33875
33894
34167
34171
34174
34177
34181
34195
34196
34200
34202
34204
34205
34207
34211
34212
34222
34329
34341
34342
34347
34348
34406
34412
34438
34439
34440
34445
34457
34459
34470
34527
34529
34537
34564
34574
34577
34846
34847
34858
34859
34867
34868
34874
35037
35042
35059
35084
35090
35091
35092
35095
35096
35097
35101
35123
35131
35134
35183
35187
35189
35190
35200
35277
35280
35283
35313
35321
35336
35380
35385
35388
35396
35417
35418
35419
35434
35453
35455
35460
35464
35486
35500
35512
35525
35567
35575
35576
35582
35584
35585
35587
35594
35606
35608
35611
35630
35645
35648
35649
35652
35655
35663
35666
35670
35675
35678
35685
35692
35693
35694
35703
35705
35724
35811
35822
35823
35841
35843
35846
35852
35855
35862
35867
35870
35881
35882
35883
35903
35906
35907
35908
35909
35910
35911
35912
35913
35918
35920
35921
35923
35954
35959
35991
35994
36003
36117
36170
36395
36504
36533
36607
36717
36838
36841
36846
36851
36912
36914
36916
36917
36918
36920
36989
37005
37099
37101
37102
37103
37104
37105
37106
37174
37176
37179
37238
37444
37503
37511
37689
37732
37806
37808
37809
37971
37982
38336
38375
38430
38497
38584
38585
38586
38587
38588
38589
38590
38591
38616
39241
39269
39270
39561
39644
39648
39649
39656
39659
39662
39664
39665
39736
39738
39746
39884
40058
40211
40250
40446
40450
40517
40618
40619
40626
40758
40759
40761
40820
40861
40875
40876
40877
40878
40902
40993
41065
41070
41074
41095
41110
41125
41126
41210
41212
41221
41223
41225
41230
41232
41237
41238
41314
41315
41397
41398
41425
41427
41429
41430
41436
41458
41517
41671
41674
41883
41892
41893
41964
41969
41975
41983
42007
42008
42061
42116
42121
42122
42124
42359
42636
42640
42663
42665
43095
43168
43169
43170
43176
43184
43192
43193
43197
43203
43328
43424
43567
43649
43846
43847
43870
43952
44052
46728
46753
46755
46979
46981
46984
46991
47070
47285
47401
47404
47535
47670
47705
47707
47902
47903
47904
47905
47906
47929
47971
47973
47974
47975
47981
47987
47995
47996
48003
48013
48305
48360
48406
48408
48413
48457
48465
48477
48481
48521
48525
48556
48575
48589
48608
48658
48659
48660
48662
48663
48666
48667
48668
48693
48763
48772
48813
48833
48834
48836
48837
48975
49134
49153
49157
49235
49236
49240
49264
49273
49285
49324
49326
49330
49397
49421
49439
49578
49579
49621
49632
49699
49711
49712
49713
49750
49760
49766
49803
49832
50044
50063
50141
50147
50170
50182
50194
50198
50205
50347
50588
50589
50590
50591
50592
50633
50780
50781
50782
51101
51102
51163
51189
51207
51208
51241
51349
51429
51466
51469
51479
51488
51491
51493
51499
51501
51502
51517
51518
51567
51568
51569
51570
51597
51598
51656
51708
51806
51864
51913
51930
51969
51980
51984
51988
51991
52046
52075
52077
52078
52240
52280
52408
52420
52423
52425
52426
52430
52432
52527
52579
52593
52628
52887
52888
52891
52907
52953
53004
53065
53113
53114
53115
53116
53117
53118
53313
53315
53318
53320
53321
53324
53329
53382
53465
53517
53539
53541
53544
53586
53716
53734
53819
53820
53843
53847
53903
53905
53921
53928
53930
53939
54011
54176
54275
54280
54385
54414
54420
54452
54728
54938
54940
54963
54983
55031
55049
55055
55056
55083
55106
55108
55203
55305
55315
55350
55362
55364
55370
55372
55375
55379
55435
55454
55516
55528
55643
55644
55683
55684
55685
55686
55762
55907
56028
56029
56032
56033
56034
56079
56092
56384
56523
56524
56526
56527
56528
56537
56548
56549
56550
56642
56852
56971
57219
57220
57221
57274
57292
57431
57456
57457
57476
57538
57545
57548
57826
57832
57837
57838
57840
57884
57905
57907
57908
57945
58261
58262
58267
58408
58552
58560
58605
58608
58609
58616
58618
58684
58725
58739
58795
58827
58835
58912
58927
58978
59013
59014
59137
59139
59255
59257
59279
59280
59281
59363
59438
59439
59440
59441
59442
59443
59444
59494
59500
59852
59988
60018
60026
60111
60165
60307
60353
60354
60384
60464
60519
60520
60534
60536
60537
60539
60549
60551
60552
60553
60555
60556
60559
60560
60571
60637
60639
60653
60654
60675
60683
60728
60736
60740
60793
60820
60825
60827
60829
60830
60850
60888
60931
60963
61003
61004
61005
61007
61008
61009
61010
61011
61012
61013
61026
61039
61062
61063
61064
61066
61067
61068
61071
61072
61084
61111
61173
61214
61216
61217
61251
61335
61350
61504
61551
61702
61956
61961
61978
62009
62136
62137
62182
62207
62210
62219
62272
62293
62354
62382
62388
62424
62427
62430
62442
62468
62469
63046
63153
63154
63158
63160
63162
63164
63165
63166
63170
63177
63182
63329
63331
63557
63768
63840
63845
63865
63867
63901
63927
64017
64033
64048
64338
64352
64400
64444
64544
64545
64546
64547
64548
64549
64550
64551
64588
64592
64596
64597
64611
64690
64833
64877
64969
64971
64974
64984
64987
65046
65074
65128
65130
65143
65204
65247
65301
65355
65370
65387
65395
65522
65523
65526
65528
65535
65583
65593
65666
65667
65670
65680
65681
65684
65686
65690
65696
65749
65758
65919
65942
65943
65944
66170
66172
66174
66185
66190
66195
66219
66221
66222
66258
66285
66321
66358
66378
66391
66398
66402
66407
66413
66414
66415
66416
66469
66536
66549
66589
66611
66636
66781
66790
66804
66807
66908
66978
66983
66996
67000
67001
67002
67013
67020
67022
67048
67077
67089
67335
67347
67485
67494
67602
67760
67766
67781
67784
67786
67787
67792
67798
67802
67866
67868
67869
67884
67893
67895
67910
67950
67971
67993
67999
68007
68058
68135
68136
68137
68143
68393
68394
68395
68396
68400
68401
68403
68405
68406
68407
68408
68409
68427
68433
68444
68518
68519
68538
68540
68541
68542
68545
68547
68549
68569
68581
68594
68597
68666
68695
68713
68717
68753
68834
68851
68853
68883
68886
68889
68905
68910
68911
68939
69080
69114
69124
69149
69170
69237
69269
69271
69273
69292
69300
69315
69328
69332
69338
69360
69396
69397
69416
69440
69444
69446
69447
69479
69531
69532
69544
69571
69582
69618
69619
69677
69692
69693
69694
69733
69735
69880
69940
69943
69944
69946
69993
70021
70034
70041
70097
70119
70138
70149
70158
70161
70162
70184
70251
70309
70416
70418
70419
70420
70423
70429
70482
70491
70492
70493
70536
70537
70578
70579
70592
70596
70649
70651
70655
70689
70699
70713
70815
70852
70865
70900
70917
70938
71023
71024
71069
71072
71074
71078
71079
71080
71082
71085
71089
71111
71119
71121
71125
71127
71130
71217
71218
71220
71221
71225
71236
71238
71278
71280
71293
71297
71325
71326
71329
71336
71338
71353
71357
71363
71422
71427
71428
71508
71549
71558
71561
71580
71586
71645
71657
71676
71680
71861
71871
71905
71928
71948
72041
72052
72053
72054
72060
72062
72064
72076
72096
72098
72099
72106
72115
72119
72120
72123
72145
72207
72278
72300
72307
72313
72326
72335
72338
72342
72348
72358
72359
72361
72362
72618
72623
72871
72945
72958
72971
73036
73042
73083
73101
73107
73113
73120
73123
73130
73136
73150
73152
73153
73155
73187
73188
73189
73195
73203
73204
73205
73206
73207
73226
73230
73238
73255
73263
73264
73288
73292
73310
73311
73312
73318
73319
73333
73344
73354
73356
73363
73371
73374
73375
73642
73692
73701
73706
73764
73875
73879
73881
73905
73907
73910
73937
73940
73942
73964
73982
73983
73988
73998
73999
74007
74034
74070
74091
74094
74098
74100
74109
74112
74122
74137
74138
74148
74150
74151
74156
74167
74169
74170
74173
74174
74176
74192
74195
74197
74211
74214
74215
74216
74256
74416
74417
74419
74420
74422
74424
74449
74464
74559
76001
76268
76324
77063
77451
77452
77480
77483
77496
77512
77515
77676
77677
77678
77719
77789
78036
78314
78322
78908
78910
78915
78921
79258
81441
81445
81447
81448
81451
81458
81464
81503
81507
81508
81509
81593
81594
81595
81669
81692
81694
81750
81946
82476
82574
82575
82576
82585
82611
82613
82615
82619
82627
82698
82735
82910
83180
83181
83306
83491
83707
83714
83715
83740
83822
83825
83913
83929
83931
83943
83945
83946
83965
83969
83992
84088
84157
84214
84215
84224
84225
84253
84410
84453
84802
86204
86208
86263
86496
86532
86534
86537
89714
92872
125710
132606
136749
136750
136751
159007
162016
162115
166319
166331
166332
166510
166511
166512
166534
166546
167158
167309
167324
167370
167543
167559
167560
167588
167765
167796
167797
167799
167820
167838
167841
167842
167844
167892
167948
168014
168090
168093
168095
168101
168154
168219
168237
168239
168287
168332
168338
168339
168403
168404
168406
168408
168414
168419
168449
168452
168471
168478
168495
168560
168561
168662
168750
168800
168812
168834
169027
169028
169030
189058
189357
189358
189735
189843
189847
189850
189851
189855
189857
189858
189859
189860
189983
189986
190087
190120
190156
190204
190788
190915
190946
191101
191262
191318
191340
191793
191822
192499
192867
197767